0 -11.0001 2.35256e-05 8.33456e-06 1 0 0 0
0.01 -10.9996 0.000223526 0.000108335 0.999998 0.000499697 0.00166675 0.000166213
0.02 -10.9991 0.000423526 0.000208335 0.999994 0.000998791 0.00333367 0.000331556
0.03 -10.9986 0.000623526 0.000308335 0.999986 0.00149727 0.00500074 0.000495976
0.04 -10.9981 0.000823526 0.000408335 0.999976 0.00199517 0.00666797 0.000659531
0.05 -10.9976 0.00102353 0.000508335 0.999962 0.00249248 0.00833534 0.000822176
0.06 -10.9971 0.00122353 0.000608335 0.999945 0.00298915 0.0100029 0.000983959
0.07 -10.9966 0.00142353 0.000708335 0.999925 0.00348524 0.0116705 0.00114484
0.08 -10.9961 0.00162353 0.000808335 0.999902 0.00398076 0.0133383 0.00130486
0.09 -10.9956 0.00182353 0.000908335 0.999876 0.00447563 0.0150062 0.00146396
0.1 -10.9951 0.00202353 0.00100833 0.999847 0.00496991 0.0166742 0.00162221
0.11 -10.9946 0.00222353 0.00110833 0.999815 0.00546363 0.0183424 0.00177957
0.12 -10.9941 0.00242353 0.00120833 0.99978 0.00595668 0.0200106 0.00193605
0.13 -10.9936 0.00262353 0.00130833 0.999742 0.00644917 0.021679 0.00209167
0.14 -10.9931 0.00282353 0.00140833 0.999701 0.00694106 0.0233474 0.00224639
0.15 -10.9926 0.00302353 0.00150833 0.999657 0.00743234 0.0250159 0.00240025
0.16 -10.9921 0.00322353 0.00160833 0.999609 0.00792301 0.0266845 0.00255325
0.17 -10.9916 0.00342353 0.00170833 0.999559 0.00841311 0.0283532 0.00270536
0.18 -10.9911 0.00362353 0.00180833 0.999506 0.00890259 0.030022 0.00285658
0.19 -10.9906 0.00382353 0.00190833 0.999449 0.00939148 0.0316908 0.003007
0.2 -10.9901 0.00402353 0.00200833 0.99939 0.00987976 0.0333597 0.00315651
0.21 -10.9896 0.00422353 0.00210833 0.999327 0.0103675 0.0350286 0.00330515
0.22 -10.9891 0.00442353 0.00220833 0.999261 0.0108545 0.0366976 0.00345293
0.23 -10.9886 0.00462353 0.00230833 0.999193 0.011341 0.0383667 0.00359987
0.24 -10.9881 0.00482353 0.00240833 0.999121 0.0118269 0.0400357 0.00374592
0.25 -10.9876 0.00502353 0.00250833 0.999047 0.0123122 0.0417048 0.00389111
0.26 -10.9871 0.00522353 0.00260833 0.998969 0.0127969 0.0433739 0.00403548
0.27 -10.9866 0.00542353 0.00270833 0.998888 0.013281 0.0450431 0.00417894
0.28 -10.9861 0.00562353 0.00280833 0.998804 0.0137645 0.0467122 0.00432156
0.29 -10.9856 0.00582353 0.00290833 0.998717 0.0142474 0.0483814 0.00446331
0.3 -10.9851 0.00602353 0.00300833 0.998627 0.0147297 0.0500506 0.00460425
0.31 -10.9846 0.00622353 0.00310833 0.998535 0.0152114 0.0517198 0.00474433
0.32 -10.9841 0.00642353 0.00320833 0.998439 0.0156926 0.0533889 0.00488355
0.33 -10.9836 0.00662353 0.00330833 0.99834 0.0161731 0.0550581 0.00502191
0.34 -10.9831 0.00682353 0.00340833 0.998237 0.016653 0.0567272 0.00515943
0.35 -10.9826 0.00702353 0.00350833 0.998132 0.0171323 0.0583963 0.00529612
0.36 -10.9821 0.00722353 0.00360833 0.998024 0.0176111 0.0600653 0.00543194
0.37 -10.9816 0.00742353 0.00370833 0.997913 0.0180892 0.0617344 0.00556689
0.38 -10.9811 0.00762353 0.00380833 0.997799 0.0185668 0.0634033 0.00570104
0.39 -10.9806 0.00782353 0.00390833 0.997682 0.0190437 0.0650723 0.00583435
0.4 -10.9801 0.00802353 0.00400833 0.997562 0.0195201 0.0667412 0.0059668
0.41 -10.9796 0.00822353 0.00410833 0.997438 0.0199958 0.06841 0.00609838
0.42 -10.9791 0.00842353 0.00420833 0.997312 0.020471 0.0700787 0.00622918
0.43 -10.9786 0.00862353 0.00430833 0.997183 0.0209456 0.0717474 0.00635911
0.44 -10.9781 0.00882353 0.00440833 0.99705 0.0214196 0.073416 0.00648822
0.45 -10.9776 0.00902353 0.00450833 0.996915 0.021893 0.0750845 0.00661646
0.46 -10.9771 0.00922353 0.00460833 0.996776 0.0223658 0.076753 0.0067439
0.47 -10.9766 0.00942353 0.00470833 0.996635 0.022838 0.0784213 0.0068705
0.48 -10.9761 0.00962353 0.00480833 0.996491 0.0233096 0.0800895 0.00699624
0.49 -10.9756 0.00982353 0.00490833 0.996343 0.0237806 0.0817577 0.00712118
0.5 -10.9751 0.0100235 0.00500833 0.996193 0.024251 0.0834257 0.00724527
0.51 -10.9746 0.0102235 0.00510833 0.996039 0.0247209 0.0850936 0.00736857
0.52 -10.9741 0.0104235 0.00520833 0.995882 0.0251902 0.0867613 0.00749096
0.53 -10.9736 0.0106235 0.00530833 0.995723 0.0256588 0.088429 0.00761259
0.54 -10.9731 0.0108235 0.00540833 0.99556 0.0261269 0.0900965 0.00773338
0.55 -10.9726 0.0110235 0.00550833 0.995395 0.0265944 0.0917639 0.00785332
0.56 -10.9721 0.0112235 0.00560833 0.995226 0.0270613 0.0934311 0.00797248
0.57 -10.9716 0.0114235 0.00570833 0.995054 0.0275276 0.0950982 0.00809078
0.58 -10.9711 0.0116235 0.00580833 0.99488 0.0279933 0.0967651 0.00820826
0.59 -10.9706 0.0118235 0.00590833 0.994702 0.0284584 0.0984319 0.00832491
0.6 -10.9701 0.0120235 0.00600833 0.994521 0.028923 0.100098 0.00844081
0.61 -10.9696 0.0122235 0.00610833 0.994338 0.0293869 0.101765 0.0085558
0.62 -10.9691 0.0124235 0.00620833 0.994151 0.0298503 0.103431 0.00867003
0.63 -10.9686 0.0126235 0.00630833 0.993961 0.0303131 0.105097 0.00878341
0.64 -10.9681 0.0128235 0.00640833 0.993768 0.0307753 0.106763 0.00889597
0.65 -10.9676 0.0130235 0.00650833 0.993573 0.0312369 0.108429 0.00900771
0.66 -10.9671 0.0132235 0.00660833 0.993374 0.0316979 0.110094 0.00911865
0.67 -10.9666 0.0134235 0.00670833 0.993172 0.0321584 0.111759 0.00922877
0.68 -10.9661 0.0136235 0.00680833 0.992967 0.0326182 0.113424 0.00933809
0.69 -10.9656 0.0138235 0.00690833 0.992759 0.0330775 0.115089 0.00944659
0.7 -10.9651 0.0140235 0.00700833 0.992549 0.0335362 0.116754 0.00955426
0.71 -10.9646 0.0142235 0.00710833 0.992335 0.0339943 0.118418 0.00966111
0.72 -10.9641 0.0144235 0.00720833 0.992118 0.0344518 0.120082 0.00976721
0.73 -10.9636 0.0146235 0.00730833 0.991898 0.0349087 0.121746 0.00987243
0.74 -10.9631 0.0148235 0.00740833 0.991675 0.0353651 0.12341 0.00997689
0.75 -10.9626 0.0150235 0.00750833 0.991449 0.0358209 0.125073 0.0100805
0.76 -10.9621 0.0152235 0.00760833 0.991221 0.0362761 0.126736 0.0101833
0.77 -10.9616 0.0154235 0.00770833 0.990989 0.0367307 0.128399 0.0102854
0.78 -10.9611 0.0156235 0.00780833 0.990754 0.0371847 0.130062 0.0103866
0.79 -10.9606 0.0158235 0.00790833 0.990516 0.0376382 0.131724 0.010487
0.8 -10.9601 0.0160235 0.00800833 0.990275 0.038091 0.133386 0.0105866
0.81 -10.9596 0.0162235 0.00810833 0.990031 0.0385433 0.135048 0.0106854
0.82 -10.9591 0.0164235 0.00820833 0.989785 0.038995 0.13671 0.0107834
0.83 -10.9586 0.0166235 0.00830833 0.989535 0.0394462 0.138371 0.0108806
0.84 -10.9581 0.0168235 0.00840833 0.989282 0.0398967 0.140032 0.010977
0.85 -10.9576 0.0170235 0.00850833 0.989026 0.0403467 0.141692 0.0110726
0.86 -10.9571 0.0172235 0.00860833 0.988767 0.0407961 0.143353 0.0111673
0.87 -10.9566 0.0174235 0.00870833 0.988506 0.0412449 0.145012 0.0112613
0.88 -10.9561 0.0176235 0.00880833 0.988241 0.0416932 0.146672 0.0113545
0.89 -10.9556 0.0178235 0.00890833 0.987973 0.0421408 0.148331 0.0114469
0.9 -10.9551 0.0180235 0.00900833 0.987702 0.0425879 0.14999 0.0115385
0.91 -10.9546 0.0182235 0.00910833 0.987429 0.0430345 0.151649 0.0116293
0.92 -10.9541 0.0184235 0.00920833 0.987152 0.0434804 0.153307 0.0117193
0.93 -10.9536 0.0186235 0.00930833 0.986872 0.0439257 0.154965 0.0118085
0.94 -10.9531 0.0188235 0.00940833 0.98659 0.0443705 0.156623 0.0118969
0.95 -10.9526 0.0190235 0.00950833 0.986304 0.0448147 0.15828 0.0119845
0.96 -10.9521 0.0192235 0.00960833 0.986015 0.0452584 0.159937 0.0120713
0.97 -10.9516 0.0194235 0.00970833 0.985724 0.0457014 0.161593 0.0121573
0.98 -10.9511 0.0196235 0.00980833 0.985429 0.0461439 0.163249 0.0122425
0.99 -10.9506 0.0198235 0.00990833 0.985132 0.0465859 0.164905 0.012327
1 -10.9501 0.0200235 0.0100083 0.984831 0.0470272 0.16656 0.0124106
1.01 -10.9496 0.0202235 0.0101083 0.984527 0.047468 0.168215 0.0124935
1.02 -10.9491 0.0204235 0.0102083 0.984221 0.0479082 0.16987 0.0125755
1.03 -10.9486 0.0206235 0.0103083 0.983912 0.0483478 0.171524 0.0126568
1.04 -10.9481 0.0208235 0.0104083 0.983599 0.0487869 0.173177 0.0127372
1.05 -10.9476 0.0210235 0.0105083 0.983284 0.0492254 0.174831 0.0128169
1.06 -10.9471 0.0212235 0.0106083 0.982965 0.0496633 0.176484 0.0128958
1.07 -10.9466 0.0214235 0.0107083 0.982644 0.0501007 0.178136 0.0129739
1.08 -10.9461 0.0216235 0.0108083 0.98232 0.0505375 0.179788 0.0130512
1.09 -10.9456 0.0218235 0.0109083 0.981992 0.0509737 0.181439 0.0131278
1.1 -10.9451 0.0220235 0.0110083 0.981662 0.0514093 0.183091 0.0132035
1.11 -10.9446 0.0222235 0.0111083 0.981329 0.0518444 0.184741 0.0132784
1.12 -10.9441 0.0224235 0.0112083 0.980993 0.0522789 0.186391 0.0133526
1.13 -10.9436 0.0226235 0.0113083 0.980654 0.0527129 0.188041 0.013426
1.14 -10.9431 0.0228235 0.0114083 0.980312 0.0531463 0.18969 0.0134986
1.15 -10.9426 0.0230235 0.0115083 0.979967 0.0535791 0.191339 0.0135703
1.16 -10.9421 0.0232235 0.0116083 0.979619 0.0540113 0.192988 0.0136414
1.17 -10.9416 0.0234235 0.0117083 0.979268 0.054443 0.194635 0.0137116
1.18 -10.9411 0.0236235 0.0118083 0.978914 0.0548741 0.196283 0.013781
1.19 -10.9406 0.0238235 0.0119083 0.978557 0.0553047 0.19793 0.0138497
1.2 -10.9401 0.0240235 0.0120083 0.978197 0.0557347 0.199576 0.0139175
1.21 -10.9396 0.0242235 0.0121083 0.977834 0.0561641 0.201222 0.0139846
1.22 -10.9391 0.0244235 0.0122083 0.977469 0.056593 0.202867 0.0140509
1.23 -10.9386 0.0246235 0.0123083 0.9771 0.0570213 0.204512 0.0141164
1.24 -10.9381 0.0248235 0.0124083 0.976728 0.0574491 0.206156 0.0141811
1.25 -10.9376 0.0250235 0.0125083 0.976354 0.0578762 0.2078 0.0142451
1.26 -10.9371 0.0252235 0.0126083 0.975976 0.0583029 0.209443 0.0143083
1.27 -10.9366 0.0254235 0.0127083 0.975596 0.0587289 0.211086 0.0143706
1.28 -10.9361 0.0256235 0.0128083 0.975212 0.0591544 0.212728 0.0144322
1.29 -10.9356 0.0258235 0.0129083 0.974826 0.0595794 0.21437 0.014493
1.3 -10.9351 0.0260235 0.0130083 0.974437 0.0600037 0.216011 0.0145531
1.31 -10.9346 0.0262235 0.0131083 0.974045 0.0604275 0.217651 0.0146123
1.32 -10.9341 0.0264235 0.0132083 0.973649 0.0608508 0.219291 0.0146708
1.33 -10.9336 0.0266235 0.0133083 0.973251 0.0612735 0.220931 0.0147284
1.34 -10.9331 0.0268235 0.0134083 0.97285 0.0616957 0.22257 0.0147853
1.35 -10.9326 0.0270235 0.0135083 0.972446 0.0621173 0.224208 0.0148415
1.36 -10.9321 0.0272235 0.0136083 0.97204 0.0625383 0.225845 0.0148968
1.37 -10.9316 0.0274235 0.0137083 0.97163 0.0629588 0.227483 0.0149513
1.38 -10.9311 0.0276235 0.0138083 0.971217 0.0633787 0.229119 0.0150051
1.39 -10.9306 0.0278235 0.0139083 0.970801 0.0637981 0.230755 0.0150581
1.4 -10.9301 0.0280235 0.0140083 0.970383 0.0642169 0.23239 0.0151103
1.41 -10.9296 0.0282235 0.0141083 0.969961 0.0646351 0.234025 0.0151617
1.42 -10.9291 0.0284235 0.0142083 0.969537 0.0650528 0.235659 0.0152124
1.43 -10.9286 0.0286235 0.0143083 0.969109 0.06547 0.237292 0.0152622
1.44 -10.9281 0.0288235 0.0144083 0.968679 0.0658866 0.238925 0.0153113
1.45 -10.9276 0.0290235 0.0145083 0.968246 0.0663026 0.240557 0.0153596
1.46 -10.9271 0.0292235 0.0146083 0.96781 0.0667181 0.242189 0.0154071
1.47 -10.9266 0.0294235 0.0147083 0.967371 0.067133 0.243819 0.0154538
1.48 -10.9261 0.0296235 0.0148083 0.966929 0.0675474 0.24545 0.0154998
1.49 -10.9256 0.0298235 0.0149083 0.966484 0.0679612 0.247079 0.015545
1.5 -10.9251 0.0300235 0.0150083 0.966036 0.0683745 0.248708 0.0155894
1.51 -10.9246 0.0302235 0.0151083 0.965586 0.0687872 0.250336 0.0156329
1.52 -10.9241 0.0304235 0.0152083 0.965132 0.0691994 0.251964 0.0156758
1.53 -10.9236 0.0306235 0.0153083 0.964676 0.069611 0.253591 0.0157178
1.54 -10.9231 0.0308235 0.0154083 0.964216 0.0700221 0.255217 0.0157591
1.55 -10.9226 0.0310235 0.0155083 0.963754 0.0704327 0.256843 0.0157995
1.56 -10.9221 0.0312235 0.0156083 0.963289 0.0708426 0.258467 0.0158393
1.57 -10.9216 0.0314235 0.0157083 0.962821 0.0712521 0.260092 0.0158781
1.58 -10.9211 0.0316235 0.0158083 0.96235 0.071661 0.261715 0.0159163
1.59 -10.9206 0.0318235 0.0159083 0.961876 0.0720693 0.263338 0.0159536
1.6 -10.9201 0.0320235 0.0160083 0.961399 0.0724771 0.26496 0.0159902
1.61 -10.9196 0.0322235 0.0161083 0.960919 0.0728843 0.266581 0.016026
1.62 -10.9191 0.0324235 0.0162083 0.960437 0.073291 0.268202 0.016061
1.63 -10.9186 0.0326235 0.0163083 0.959951 0.0736972 0.269822 0.0160952
1.64 -10.9181 0.0328235 0.0164083 0.959463 0.0741028 0.271441 0.0161286
1.65 -10.9176 0.0330235 0.0165083 0.958971 0.0745078 0.273059 0.0161613
1.66 -10.9171 0.0332235 0.0166083 0.958477 0.0749123 0.274677 0.0161931
1.67 -10.9166 0.0334235 0.0167083 0.95798 0.0753163 0.276294 0.0162242
1.68 -10.9161 0.0336235 0.0168083 0.95748 0.0757197 0.27791 0.0162545
1.69 -10.9156 0.0338235 0.0169083 0.956977 0.0761226 0.279525 0.016284
1.7 -10.9151 0.0340235 0.0170083 0.956472 0.076525 0.28114 0.0163127
1.71 -10.9146 0.0342235 0.0171083 0.955963 0.0769268 0.282754 0.0163407
1.72 -10.9141 0.0344235 0.0172083 0.955452 0.077328 0.284367 0.0163679
1.73 -10.9136 0.0346235 0.0173083 0.954937 0.0777287 0.285979 0.0163942
1.74 -10.9131 0.0348235 0.0174083 0.95442 0.0781289 0.28759 0.0164198
1.75 -10.9126 0.0350235 0.0175083 0.9539 0.0785285 0.289201 0.0164446
1.76 -10.9121 0.0352235 0.0176083 0.953377 0.0789276 0.290811 0.0164686
1.77 -10.9116 0.0354235 0.0177083 0.952851 0.0793262 0.29242 0.0164919
1.78 -10.9111 0.0356235 0.0178083 0.952323 0.0797242 0.294029 0.0165143
1.79 -10.9106 0.0358235 0.0179083 0.951791 0.0801216 0.295636 0.016536
1.8 -10.9101 0.0360235 0.0180083 0.951257 0.0805185 0.297243 0.0165568
1.81 -10.9096 0.0362235 0.0181083 0.950719 0.080915 0.298849 0.0165769
1.82 -10.9091 0.0364235 0.0182083 0.950179 0.0813108 0.300454 0.0165962
1.83 -10.9086 0.0366235 0.0183083 0.949636 0.0817061 0.302058 0.0166147
1.84 -10.9081 0.0368235 0.0184083 0.94909 0.0821009 0.303661 0.0166324
1.85 -10.9076 0.0370235 0.0185083 0.948542 0.0824951 0.305264 0.0166493
1.86 -10.9071 0.0372235 0.0186083 0.94799 0.0828888 0.306865 0.0166655
1.87 -10.9066 0.0374235 0.0187083 0.947436 0.083282 0.308466 0.0166808
1.88 -10.9061 0.0376235 0.0188083 0.946878 0.0836746 0.310066 0.0166954
1.89 -10.9056 0.0378235 0.0189083 0.946318 0.0840667 0.311665 0.0167092
1.9 -10.9051 0.0380235 0.0190083 0.945755 0.0844582 0.313264 0.0167221
1.91 -10.9046 0.0382235 0.0191083 0.945189 0.0848493 0.314861 0.0167343
1.92 -10.9041 0.0384235 0.0192083 0.944621 0.0852397 0.316457 0.0167457
1.93 -10.9036 0.0386235 0.0193083 0.944049 0.0856297 0.318053 0.0167563
1.94 -10.9031 0.0388235 0.0194083 0.943475 0.0860191 0.319648 0.0167661
1.95 -10.9026 0.0390235 0.0195083 0.942898 0.086408 0.321242 0.0167751
1.96 -10.9021 0.0392235 0.0196083 0.942318 0.0867963 0.322835 0.0167833
1.97 -10.9016 0.0394235 0.0197083 0.941735 0.0871841 0.324427 0.0167907
1.98 -10.9011 0.0396235 0.0198083 0.941149 0.0875714 0.326018 0.0167974
1.99 -10.9006 0.0398235 0.0199083 0.940561 0.0879582 0.327608 0.0168032
2 -10.9001 0.0400235 0.0200083 0.939969 0.0883444 0.329197 0.0168082
2.01 -10.8996 0.0402235 0.0201083 0.939375 0.08873 0.330785 0.0168125
2.02 -10.8991 0.0404235 0.0202083 0.938778 0.0891152 0.332373 0.0168159
2.03 -10.8986 0.0406235 0.0203083 0.938178 0.0894998 0.333959 0.0168185
2.04 -10.8981 0.0408235 0.0204083 0.937575 0.0898839 0.335545 0.0168204
2.05 -10.8976 0.0410235 0.0205083 0.93697 0.0902674 0.33713 0.0168214
2.06 -10.8971 0.0412235 0.0206083 0.936362 0.0906505 0.338713 0.0168217
2.07 -10.8966 0.0414235 0.0207083 0.93575 0.0910329 0.340296 0.0168211
2.08 -10.8961 0.0416235 0.0208083 0.935136 0.0914149 0.341878 0.0168198
2.09 -10.8956 0.0418235 0.0209083 0.93452 0.0917964 0.343458 0.0168176
2.1 -10.8951 0.0420235 0.0210083 0.9339 0.0921772 0.345038 0.0168146
2.11 -10.8946 0.0422235 0.0211083 0.933278 0.0925576 0.346617 0.0168109
2.12 -10.8941 0.0424235 0.0212083 0.932652 0.0929375 0.348195 0.0168063
2.13 -10.8936 0.0426235 0.0213083 0.932024 0.0933167 0.349772 0.0168009
2.14 -10.8931 0.0428235 0.0214083 0.931394 0.0936955 0.351348 0.0167947
2.15 -10.8926 0.0430235 0.0215083 0.93076 0.0940738 0.352922 0.0167878
2.16 -10.8921 0.0432235 0.0216083 0.930124 0.0944515 0.354496 0.01678
2.17 -10.8916 0.0434235 0.0217083 0.929484 0.0948287 0.356069 0.0167714
2.18 -10.8911 0.0436235 0.0218083 0.928842 0.0952054 0.357641 0.016762
2.19 -10.8906 0.0438235 0.0219083 0.928197 0.0955815 0.359212 0.0167518
2.2 -10.8901 0.0440235 0.0220083 0.92755 0.0959572 0.360782 0.0167407
2.21 -10.8896 0.0442235 0.0221083 0.926899 0.0963323 0.36235 0.0167289
2.22 -10.8891 0.0444235 0.0222083 0.926246 0.0967068 0.363918 0.0167163
2.23 -10.8886 0.0446235 0.0223083 0.92559 0.0970809 0.365485 0.0167028
2.24 -10.8881 0.0448235 0.0224083 0.924931 0.0974544 0.367051 0.0166885
2.25 -10.8876 0.0450235 0.0225083 0.92427 0.0978274 0.368615 0.0166735
2.26 -10.8871 0.0452235 0.0226083 0.923605 0.0981998 0.370179 0.0166576
2.27 -10.8866 0.0454235 0.0227083 0.922938 0.0985717 0.371741 0.0166409
2.28 -10.8861 0.0456235 0.0228083 0.922268 0.0989432 0.373303 0.0166234
2.29 -10.8856 0.0458235 0.0229083 0.921596 0.099314 0.374863 0.016605
2.3 -10.8851 0.0460235 0.0230083 0.92092 0.0996844 0.376422 0.0165859
2.31 -10.8846 0.0462235 0.0231083 0.920242 0.100054 0.377981 0.0165659
2.32 -10.8841 0.0464235 0.0232083 0.919561 0.100424 0.379538 0.0165451
2.33 -10.8836 0.0466235 0.0233083 0.918877 0.100792 0.381094 0.0165235
2.34 -10.8831 0.0468235 0.0234083 0.918191 0.101161 0.382649 0.0165011
2.35 -10.8826 0.0470235 0.0235083 0.917501 0.101528 0.384203 0.0164778
2.36 -10.8821 0.0472235 0.0236083 0.916809 0.101896 0.385756 0.0164538
2.37 -10.8816 0.0474235 0.0237083 0.916114 0.102262 0.387307 0.0164289
2.38 -10.8811 0.0476235 0.0238083 0.915417 0.102628 0.388858 0.0164032
2.39 -10.8806 0.0478235 0.0239083 0.914716 0.102994 0.390407 0.0163766
2.4 -10.8801 0.0480235 0.0240083 0.914013 0.103359 0.391956 0.0163492
2.41 -10.8796 0.0482235 0.0241083 0.913307 0.103724 0.393503 0.0163211
2.42 -10.8791 0.0484235 0.0242083 0.912599 0.104088 0.395049 0.016292
2.43 -10.8786 0.0486235 0.0243083 0.911888 0.104451 0.396594 0.0162622
2.44 -10.8781 0.0488235 0.0244083 0.911173 0.104814 0.398138 0.0162315
2.45 -10.8776 0.0490235 0.0245083 0.910457 0.105177 0.39968 0.0162
2.46 -10.8771 0.0492235 0.0246083 0.909737 0.105539 0.401222 0.0161677
2.47 -10.8766 0.0494235 0.0247083 0.909015 0.1059 0.402762 0.0161345
2.48 -10.8761 0.0496235 0.0248083 0.90829 0.106261 0.404301 0.0161005
2.49 -10.8756 0.0498235 0.0249083 0.907562 0.106622 0.405839 0.0160656
2.5 -10.8751 0.0500235 0.0250083 0.906831 0.106982 0.407376 0.01603
2.51 -10.8746 0.0502235 0.0251083 0.906098 0.107341 0.408912 0.0159935
2.52 -10.8741 0.0504235 0.0252083 0.905362 0.1077 0.410446 0.0159561
2.53 -10.8736 0.0506235 0.0253083 0.904623 0.108058 0.411979 0.0159179
2.54 -10.8731 0.0508235 0.0254083 0.903882 0.108416 0.413511 0.0158789
2.55 -10.8726 0.0510235 0.0255083 0.903137 0.108773 0.415042 0.015839
2.56 -10.8721 0.0512235 0.0256083 0.902391 0.10913 0.416572 0.0157984
2.57 -10.8716 0.0514235 0.0257083 0.901641 0.109487 0.418101 0.0157568
2.58 -10.8711 0.0516235 0.0258083 0.900889 0.109842 0.419628 0.0157144
2.59 -10.8706 0.0518235 0.0259083 0.900134 0.110197 0.421154 0.0156712
2.6 -10.8701 0.0520235 0.0260083 0.899376 0.110552 0.422679 0.0156271
2.61 -10.8696 0.0522235 0.0261083 0.898615 0.110906 0.424202 0.0155821
2.62 -10.8691 0.0524235 0.0262083 0.897852 0.11126 0.425725 0.0155364
2.63 -10.8686 0.0526235 0.0263083 0.897086 0.111613 0.427246 0.0154897
2.64 -10.8681 0.0528235 0.0264083 0.896318 0.111966 0.428766 0.0154422
2.65 -10.8676 0.0530235 0.0265083 0.895546 0.112318 0.430284 0.0153939
2.66 -10.8671 0.0532235 0.0266083 0.894772 0.112669 0.431802 0.0153447
2.67 -10.8666 0.0534235 0.0267083 0.893996 0.113021 0.433318 0.0152947
2.68 -10.8661 0.0536235 0.0268083 0.893216 0.113371 0.434833 0.0152438
2.69 -10.8656 0.0538235 0.0269083 0.892434 0.113721 0.436346 0.0151921
2.7 -10.8651 0.0540235 0.0270083 0.891649 0.114071 0.437859 0.0151395
2.71 -10.8646 0.0542235 0.0271083 0.890862 0.11442 0.43937 0.015086
2.72 -10.8641 0.0544235 0.0272083 0.890072 0.114768 0.44088 0.0150317
2.73 -10.8636 0.0546235 0.0273083 0.889279 0.115116 0.442388 0.0149765
2.74 -10.8631 0.0548235 0.0274083 0.888483 0.115463 0.443895 0.0149205
2.75 -10.8626 0.0550235 0.0275083 0.887685 0.11581 0.445401 0.0148636
2.76 -10.8621 0.0552235 0.0276083 0.886884 0.116157 0.446906 0.0148058
2.77 -10.8616 0.0554235 0.0277083 0.886081 0.116503 0.448409 0.0147471
2.78 -10.8611 0.0556235 0.0278083 0.885274 0.116848 0.449911 0.0146877
2.79 -10.8606 0.0558235 0.0279083 0.884465 0.117193 0.451412 0.0146273
2.8 -10.8601 0.0560235 0.0280083 0.883654 0.117537 0.452911 0.014566
2.81 -10.8596 0.0562235 0.0281083 0.88284 0.117881 0.454409 0.0145039
2.82 -10.8591 0.0564235 0.0282083 0.882023 0.118224 0.455906 0.014441
2.83 -10.8586 0.0566235 0.0283083 0.881203 0.118567 0.457401 0.0143771
2.84 -10.8581 0.0568235 0.0284083 0.880381 0.118909 0.458896 0.0143123
2.85 -10.8576 0.0570235 0.0285083 0.879556 0.119251 0.460388 0.0142467
2.86 -10.8571 0.0572235 0.0286083 0.878729 0.119592 0.46188 0.0141803
2.87 -10.8566 0.0574235 0.0287083 0.877898 0.119933 0.46337 0.0141129
2.88 -10.8561 0.0576235 0.0288083 0.877066 0.120273 0.464858 0.0140446
2.89 -10.8556 0.0578235 0.0289083 0.87623 0.120612 0.466345 0.0139755
2.9 -10.8551 0.0580235 0.0290083 0.875392 0.120952 0.467831 0.0139055
2.91 -10.8546 0.0582235 0.0291083 0.874551 0.12129 0.469316 0.0138346
2.92 -10.8541 0.0584235 0.0292083 0.873708 0.121628 0.470799 0.0137629
2.93 -10.8536 0.0586235 0.0293083 0.872862 0.121966 0.472281 0.0136902
2.94 -10.8531 0.0588235 0.0294083 0.872013 0.122303 0.473761 0.0136166
2.95 -10.8526 0.0590235 0.0295083 0.871162 0.122639 0.47524 0.0135422
2.96 -10.8521 0.0592235 0.0296083 0.870308 0.122975 0.476718 0.0134668
2.97 -10.8516 0.0594235 0.0297083 0.869451 0.123311 0.478194 0.0133906
2.98 -10.8511 0.0596235 0.0298083 0.868592 0.123646 0.479669 0.0133135
2.99 -10.8506 0.0598235 0.0299083 0.86773 0.12398 0.481142 0.0132355
3 -10.8501 0.0600235 0.0300083 0.866866 0.124314 0.482614 0.0131566
3.01 -10.8496 0.0602235 0.0301083 0.865999 0.124648 0.484085 0.0130768
3.02 -10.8491 0.0604235 0.0302083 0.865129 0.12498 0.485554 0.0129961
3.03 -10.8486 0.0606235 0.0303083 0.864257 0.125313 0.487021 0.0129144
3.04 -10.8481 0.0608235 0.0304083 0.863382 0.125645 0.488488 0.0128319
3.05 -10.8476 0.0610235 0.0305083 0.862505 0.125976 0.489952 0.0127485
3.06 -10.8471 0.0612235 0.0306083 0.861624 0.126307 0.491416 0.0126642
3.07 -10.8466 0.0614235 0.0307083 0.860742 0.126637 0.492878 0.012579
3.08 -10.8461 0.0616235 0.0308083 0.859856 0.126967 0.494338 0.0124928
3.09 -10.8456 0.0618235 0.0309083 0.858969 0.127296 0.495797 0.0124058
3.1 -10.8451 0.0620235 0.0310083 0.858078 0.127625 0.497255 0.0123178
3.11 -10.8446 0.0622235 0.0311083 0.857185 0.127953 0.498711 0.0122289
3.12 -10.8441 0.0624235 0.0312083 0.856289 0.12828 0.500165 0.0121392
3.13 -10.8436 0.0626235 0.0313083 0.855391 0.128608 0.501618 0.0120485
3.14 -10.8431 0.0628235 0.0314083 0.85449 0.128934 0.50307 0.0119568
3.15 -10.8426 0.0630235 0.0315083 0.853587 0.12926 0.50452 0.0118643
3.16 -10.8421 0.0632235 0.0316083 0.852681 0.129586 0.505969 0.0117708
3.17 -10.8416 0.0634235 0.0317083 0.851772 0.129911 0.507416 0.0116764
3.18 -10.8411 0.0636235 0.0318083 0.850861 0.130235 0.508862 0.0115811
3.19 -10.8406 0.0638235 0.0319083 0.849947 0.130559 0.510306 0.0114849
3.2 -10.8401 0.0640235 0.0320083 0.849031 0.130883 0.511748 0.0113877
3.21 -10.8396 0.0642235 0.0321083 0.848112 0.131206 0.513189 0.0112896
3.22 -10.8391 0.0644235 0.0322083 0.847191 0.131528 0.514629 0.0111906
3.23 -10.8386 0.0646235 0.0323083 0.846267 0.13185 0.516067 0.0110907
3.24 -10.8381 0.0648235 0.0324083 0.84534 0.132171 0.517504 0.0109898
3.25 -10.8376 0.0650235 0.0325083 0.844411 0.132492 0.518939 0.0108879
3.26 -10.8371 0.0652235 0.0326083 0.843479 0.132812 0.520372 0.0107852
3.27 -10.8366 0.0654235 0.0327083 0.842545 0.133132 0.521804 0.0106815
3.28 -10.8361 0.0656235 0.0328083 0.841608 0.133452 0.523234 0.0105769
3.29 -10.8356 0.0658235 0.0329083 0.840669 0.13377 0.524663 0.0104713
3.3 -10.8351 0.0660235 0.0330083 0.839727 0.134088 0.52609 0.0103648
3.31 -10.8346 0.0662235 0.0331083 0.838783 0.134406 0.527516 0.0102573
3.32 -10.8341 0.0664235 0.0332083 0.837836 0.134723 0.52894 0.0101489
3.33 -10.8336 0.0666235 0.0333083 0.836887 0.13504 0.530362 0.0100395
3.34 -10.8331 0.0668235 0.0334083 0.835935 0.135356 0.531783 0.00992921
3.35 -10.8326 0.0670235 0.0335083 0.83498 0.135671 0.533203 0.00981795
3.36 -10.8321 0.0672235 0.0336083 0.834023 0.135986 0.534621 0.00970573
3.37 -10.8316 0.0674235 0.0337083 0.833063 0.136301 0.536037 0.00959252
3.38 -10.8311 0.0676235 0.0338083 0.832101 0.136615 0.537451 0.00947841
3.39 -10.8306 0.0678235 0.0339083 0.831137 0.136928 0.538864 0.0093633
3.4 -10.8301 0.0680235 0.0340083 0.83017 0.137241 0.540276 0.00924726
3.41 -10.8296 0.0682235 0.0341083 0.8292 0.137554 0.541685 0.00913025
3.42 -10.8291 0.0684235 0.0342083 0.828228 0.137865 0.543094 0.00901224
3.43 -10.8286 0.0686235 0.0343083 0.827253 0.138177 0.5445 0.00889331
3.44 -10.8281 0.0688235 0.0344083 0.826276 0.138487 0.545905 0.0087734
3.45 -10.8276 0.0690235 0.0345083 0.825296 0.138798 0.547308 0.00865251
3.46 -10.8271 0.0692235 0.0346083 0.824314 0.139107 0.54871 0.00853063
3.47 -10.8266 0.0694235 0.0347083 0.82333 0.139417 0.55011 0.00840781
3.48 -10.8261 0.0696235 0.0348083 0.822342 0.139725 0.551508 0.00828401
3.49 -10.8256 0.0698235 0.0349083 0.821353 0.140033 0.552905 0.00815922
3.5 -10.8251 0.0700235 0.0350083 0.820361 0.140341 0.5543 0.00803343
3.51 -10.8246 0.0702235 0.0351083 0.819366 0.140648 0.555693 0.0079067
3.52 -10.8241 0.0704235 0.0352083 0.818369 0.140954 0.557085 0.00777897
3.53 -10.8236 0.0706235 0.0353083 0.817369 0.14126 0.558475 0.00765026
3.54 -10.8231 0.0708235 0.0354083 0.816367 0.141566 0.559863 0.00752058
3.55 -10.8226 0.0710235 0.0355083 0.815363 0.141871 0.56125 0.00738988
3.56 -10.8221 0.0712235 0.0356083 0.814356 0.142175 0.562635 0.00725821
3.57 -10.8216 0.0714235 0.0357083 0.813346 0.142479 0.564018 0.00712554
3.58 -10.8211 0.0716235 0.0358083 0.812334 0.142782 0.5654 0.00699189
3.59 -10.8206 0.0718235 0.0359083 0.81132 0.143085 0.56678 0.00685722
3.6 -10.8201 0.0720235 0.0360083 0.810303 0.143387 0.568158 0.00672158
3.61 -10.8196 0.0722235 0.0361083 0.809284 0.143688 0.569535 0.00658491
3.62 -10.8191 0.0724235 0.0362083 0.808262 0.14399 0.570909 0.00644726
3.63 -10.8186 0.0726235 0.0363083 0.807238 0.14429 0.572283 0.0063086
3.64 -10.8181 0.0728235 0.0364083 0.806211 0.14459 0.573654 0.00616894
3.65 -10.8176 0.0730235 0.0365083 0.805182 0.14489 0.575024 0.00602828
3.66 -10.8171 0.0732235 0.0366083 0.804151 0.145188 0.576392 0.00588658
3.67 -10.8166 0.0734235 0.0367083 0.803117 0.145487 0.577758 0.00574389
3.68 -10.8161 0.0736235 0.0368083 0.80208 0.145785 0.579122 0.00560018
3.69 -10.8156 0.0738235 0.0369083 0.801042 0.146082 0.580485 0.00545546
3.7 -10.8151 0.0740235 0.0370083 0.8 0.146379 0.581846 0.00530973
3.71 -10.8146 0.0742235 0.0371083 0.798957 0.146675 0.583205 0.00516299
3.72 -10.8141 0.0744235 0.0372083 0.79791 0.14697 0.584563 0.00501519
3.73 -10.8136 0.0746235 0.0373083 0.796862 0.147265 0.585918 0.00486638
3.74 -10.8131 0.0748235 0.0374083 0.795811 0.14756 0.587272 0.00471656
3.75 -10.8126 0.0750235 0.0375083 0.794758 0.147854 0.588624 0.00456572
3.76 -10.8121 0.0752235 0.0376083 0.793702 0.148147 0.589975 0.00441382
3.77 -10.8116 0.0754235 0.0377083 0.792644 0.14844 0.591323 0.00426092
3.78 -10.8111 0.0756235 0.0378083 0.791583 0.148733 0.59267 0.00410697
3.79 -10.8106 0.0758235 0.0379083 0.79052 0.149024 0.594015 0.003952
3.8 -10.8101 0.0760235 0.0380083 0.789455 0.149316 0.595358 0.00379598
3.81 -10.8096 0.0762235 0.0381083 0.788387 0.149606 0.5967 0.00363891
3.82 -10.8091 0.0764235 0.0382083 0.787317 0.149896 0.59804 0.00348081
3.83 -10.8086 0.0766235 0.0383083 0.786244 0.150186 0.599377 0.00332167
3.84 -10.8081 0.0768235 0.0384083 0.785169 0.150475 0.600713 0.00316146
3.85 -10.8076 0.0770235 0.0385083 0.784092 0.150763 0.602048 0.00300026
3.86 -10.8071 0.0772235 0.0386083 0.783012 0.151051 0.60338 0.00283795
3.87 -10.8066 0.0774235 0.0387083 0.78193 0.151338 0.60471 0.00267462
3.88 -10.8061 0.0776235 0.0388083 0.780846 0.151625 0.606039 0.00251022
3.89 -10.8056 0.0778235 0.0389083 0.779759 0.151911 0.607366 0.00234478
3.9 -10.8051 0.0780235 0.0390083 0.77867 0.152197 0.608691 0.00217827
3.91 -10.8046 0.0782235 0.0391083 0.777578 0.152482 0.610014 0.00201072
3.92 -10.8041 0.0784235 0.0392083 0.776484 0.152767 0.611336 0.00184208
3.93 -10.8036 0.0786235 0.0393083 0.775388 0.153051 0.612655 0.0016724
3.94 -10.8031 0.0788235 0.0394083 0.774289 0.153334 0.613973 0.00150165
3.95 -10.8026 0.0790235 0.0395083 0.773188 0.153617 0.615289 0.0013298
3.96 -10.8021 0.0792235 0.0396083 0.772085 0.153899 0.616603 0.00115692
3.97 -10.8016 0.0794235 0.0397083 0.770979 0.154181 0.617915 0.000982942
3.98 -10.8011 0.0796235 0.0398083 0.769871 0.154462 0.619225 0.000807904
3.99 -10.8006 0.0798235 0.0399083 0.768761 0.154742 0.620533 0.000631772
4 -10.8001 0.0800235 0.0400083 0.767648 0.155022 0.621839 0.000454583
4.01 -10.7996 0.0802235 0.0401083 0.766533 0.155302 0.623144 0.000276302
4.02 -10.7991 0.0804235 0.0402083 0.765416 0.15558 0.624447 9.69335e-05
4.03 -10.7986 0.0806235 0.0403083 0.764296 0.155859 0.625747 -8.352e-05
4.04 -10.7981 0.0808235 0.0404083 0.763174 0.156136 0.627046 -0.000265049
4.05 -10.7976 0.0810235 0.0405083 0.76205 0.156413 0.628343 -0.000447672
4.06 -10.7971 0.0812235 0.0406083 0.760923 0.15669 0.629638 -0.000631393
4.07 -10.7966 0.0814235 0.0407083 0.759794 0.156966 0.630931 -0.000816211
4.08 -10.7961 0.0816235 0.0408083 0.758663 0.157241 0.632222 -0.00100213
4.09 -10.7956 0.0818235 0.0409083 0.757529 0.157516 0.633511 -0.00118916
4.1 -10.7951 0.0820235 0.0410083 0.756393 0.15779 0.634799 -0.00137725
4.11 -10.7946 0.0822235 0.0411083 0.755255 0.158064 0.636084 -0.00156645
4.12 -10.7941 0.0824235 0.0412083 0.754115 0.158337 0.637368 -0.0017568
4.13 -10.7936 0.0826235 0.0413083 0.752972 0.158609 0.638649 -0.00194822
4.14 -10.7931 0.0828235 0.0414083 0.751827 0.158881 0.639929 -0.00214077
4.15 -10.7926 0.0830235 0.0415083 0.75068 0.159152 0.641206 -0.00233443
4.16 -10.7921 0.0832235 0.0416083 0.74953 0.159423 0.642482 -0.00252916
4.17 -10.7916 0.0834235 0.0417083 0.748378 0.159693 0.643755 -0.00272506
4.18 -10.7911 0.0836235 0.0418083 0.747224 0.159963 0.645027 -0.00292207
4.19 -10.7906 0.0838235 0.0419083 0.746067 0.160232 0.646297 -0.00312019
4.2 -10.7901 0.0840235 0.0420083 0.744909 0.1605 0.647564 -0.00331944
4.21 -10.7896 0.0842235 0.0421083 0.743748 0.160768 0.64883 -0.00351981
4.22 -10.7891 0.0844235 0.0422083 0.742584 0.161035 0.650094 -0.00372133
4.23 -10.7886 0.0846235 0.0423083 0.741419 0.161301 0.651356 -0.00392395
4.24 -10.7881 0.0848235 0.0424083 0.740251 0.161567 0.652616 -0.00412769
4.25 -10.7876 0.0850235 0.0425083 0.739081 0.161833 0.653873 -0.00433263
4.26 -10.7871 0.0852235 0.0426083 0.737909 0.162097 0.655129 -0.00453867
4.27 -10.7866 0.0854235 0.0427083 0.736734 0.162362 0.656383 -0.00474583
4.28 -10.7861 0.0856235 0.0428083 0.735558 0.162625 0.657635 -0.00495415
4.29 -10.7856 0.0858235 0.0429083 0.734379 0.162888 0.658884 -0.00516361
4.3 -10.7851 0.0860235 0.0430083 0.733197 0.16315 0.660132 -0.00537424
4.31 -10.7846 0.0862235 0.0431083 0.732014 0.163412 0.661378 -0.00558601
4.32 -10.7841 0.0864235 0.0432083 0.730828 0.163673 0.662622 -0.0057989
4.33 -10.7836 0.0866235 0.0433083 0.72964 0.163934 0.663863 -0.00601298
4.34 -10.7831 0.0868235 0.0434083 0.72845 0.164194 0.665103 -0.00622819
4.35 -10.7826 0.0870235 0.0435083 0.727258 0.164453 0.66634 -0.00644459
4.36 -10.7821 0.0872235 0.0436083 0.726063 0.164712 0.667576 -0.00666212
4.37 -10.7816 0.0874235 0.0437083 0.724867 0.16497 0.668809 -0.00688084
4.38 -10.7811 0.0876235 0.0438083 0.723668 0.165227 0.670041 -0.0071007
4.39 -10.7806 0.0878235 0.0439083 0.722467 0.165484 0.67127 -0.00732175
4.4 -10.7801 0.0880235 0.0440083 0.721263 0.16574 0.672497 -0.00754395
4.41 -10.7796 0.0882235 0.0441083 0.720058 0.165996 0.673722 -0.00776735
4.42 -10.7791 0.0884235 0.0442083 0.71885 0.166251 0.674946 -0.00799189
4.43 -10.7786 0.0886235 0.0443083 0.71764 0.166505 0.676167 -0.00821762
4.44 -10.7781 0.0888235 0.0444083 0.716428 0.166759 0.677386 -0.00844457
4.45 -10.7776 0.0890235 0.0445083 0.715213 0.167012 0.678602 -0.00867264
4.46 -10.7771 0.0892235 0.0446083 0.713997 0.167265 0.679817 -0.0089019
4.47 -10.7766 0.0894235 0.0447083 0.712778 0.167517 0.68103 -0.0091324
4.48 -10.7761 0.0896235 0.0448083 0.711557 0.167768 0.682241 -0.00936404
4.49 -10.7756 0.0898235 0.0449083 0.710335 0.168019 0.683449 -0.00959693
4.5 -10.7751 0.0900235 0.0450083 0.709109 0.168269 0.684655 -0.00983094
4.51 -10.7746 0.0902235 0.0451083 0.707882 0.168518 0.68586 -0.0100662
4.52 -10.7741 0.0904235 0.0452083 0.706653 0.168767 0.687062 -0.0103026
4.53 -10.7736 0.0906235 0.0453083 0.705421 0.169015 0.688262 -0.0105403
4.54 -10.7731 0.0908235 0.0454083 0.704187 0.169262 0.68946 -0.0107791
4.55 -10.7726 0.0910235 0.0455083 0.702951 0.169509 0.690655 -0.0110192
4.56 -10.7721 0.0912235 0.0456083 0.701713 0.169755 0.691849 -0.0112604
4.57 -10.7716 0.0914235 0.0457083 0.700473 0.170001 0.69304 -0.0115029
4.58 -10.7711 0.0916235 0.0458083 0.699231 0.170246 0.69423 -0.0117466
4.59 -10.7706 0.0918235 0.0459083 0.697986 0.17049 0.695417 -0.0119915
4.6 -10.7701 0.0920235 0.0460083 0.69674 0.170734 0.696602 -0.0122376
4.61 -10.7696 0.0922235 0.0461083 0.695491 0.170977 0.697785 -0.012485
4.62 -10.7691 0.0924235 0.0462083 0.69424 0.171219 0.698965 -0.0127335
4.63 -10.7686 0.0926235 0.0463083 0.692987 0.171461 0.700144 -0.0129833
4.64 -10.7681 0.0928235 0.0464083 0.691732 0.171702 0.70132 -0.0132343
4.65 -10.7676 0.0930235 0.0465083 0.690475 0.171942 0.702494 -0.0134866
4.66 -10.7671 0.0932235 0.0466083 0.689216 0.172182 0.703666 -0.0137401
4.67 -10.7666 0.0934235 0.0467083 0.687954 0.172421 0.704836 -0.0139948
4.68 -10.7661 0.0936235 0.0468083 0.686691 0.172659 0.706004 -0.0142508
4.69 -10.7656 0.0938235 0.0469083 0.685425 0.172897 0.707169 -0.014508
4.7 -10.7651 0.0940235 0.0470083 0.684158 0.173134 0.708332 -0.0147664
4.71 -10.7646 0.0942235 0.0471083 0.682888 0.173371 0.709493 -0.0150261
4.72 -10.7641 0.0944235 0.0472083 0.681616 0.173606 0.710652 -0.015287
4.73 -10.7636 0.0946235 0.0473083 0.680342 0.173841 0.711809 -0.0155492
4.74 -10.7631 0.0948235 0.0474083 0.679066 0.174076 0.712963 -0.0158127
4.75 -10.7626 0.0950235 0.0475083 0.677788 0.174309 0.714115 -0.0160774
4.76 -10.7621 0.0952235 0.0476083 0.676508 0.174543 0.715265 -0.0163433
4.77 -10.7616 0.0954235 0.0477083 0.675226 0.174775 0.716413 -0.0166106
4.78 -10.7611 0.0956235 0.0478083 0.673942 0.175007 0.717558 -0.0168791
4.79 -10.7606 0.0958235 0.0479083 0.672656 0.175238 0.718702 -0.0171488
4.8 -10.7601 0.0960235 0.0480083 0.671367 0.175468 0.719843 -0.0174198
4.81 -10.7596 0.0962235 0.0481083 0.670077 0.175698 0.720981 -0.0176921
4.82 -10.7591 0.0964235 0.0482083 0.668785 0.175927 0.722118 -0.0179657
4.83 -10.7586 0.0966235 0.0483083 0.66749 0.176155 0.723252 -0.0182405
4.84 -10.7581 0.0968235 0.0484083 0.666194 0.176383 0.724384 -0.0185166
4.85 -10.7576 0.0970235 0.0485083 0.664895 0.17661 0.725514 -0.018794
4.86 -10.7571 0.0972235 0.0486083 0.663595 0.176836 0.726641 -0.0190727
4.87 -10.7566 0.0974235 0.0487083 0.662292 0.177061 0.727766 -0.0193527
4.88 -10.7561 0.0976235 0.0488083 0.660988 0.177286 0.728889 -0.019634
4.89 -10.7556 0.0978235 0.0489083 0.659681 0.17751 0.73001 -0.0199165
4.9 -10.7551 0.0980235 0.0490083 0.658373 0.177734 0.731128 -0.0202004
4.91 -10.7546 0.0982235 0.0491083 0.657062 0.177957 0.732244 -0.0204855
4.92 -10.7541 0.0984235 0.0492083 0.65575 0.178179 0.733358 -0.020772
4.93 -10.7536 0.0986235 0.0493083 0.654435 0.1784 0.734469 -0.0210597
4.94 -10.7531 0.0988235 0.0494083 0.653119 0.178621 0.735578 -0.0213488
4.95 -10.7526 0.0990235 0.0495083 0.6518 0.178841 0.736685 -0.0216391
4.96 -10.7521 0.0992235 0.0496083 0.650479 0.17906 0.737789 -0.0219308
4.97 -10.7516 0.0994235 0.0497083 0.649157 0.179279 0.738891 -0.0222238
4.98 -10.7511 0.0996235 0.0498083 0.647832 0.179496 0.739991 -0.0225181
4.99 -10.7506 0.0998235 0.0499083 0.646506 0.179713 0.741089 -0.0228136
5 -10.7501 0.100024 0.0500083 0.645178 0.17993 0.742184 -0.0231106
5.01 -10.7496 0.100224 0.0501083 0.643847 0.180146 0.743277 -0.0234088
5.02 -10.7491 0.100424 0.0502083 0.642515 0.18036 0.744367 -0.0237084
5.03 -10.7486 0.100624 0.0503083 0.641181 0.180575 0.745455 -0.0240093
5.04 -10.7481 0.100824 0.0504083 0.639844 0.180788 0.746541 -0.0243115
5.05 -10.7476 0.101024 0.0505083 0.638506 0.181001 0.747625 -0.0246151
5.06 -10.7471 0.101224 0.0506083 0.637166 0.181213 0.748706 -0.02492
5.07 -10.7466 0.101424 0.0507083 0.635824 0.181424 0.749784 -0.0252263
5.08 -10.7461 0.101624 0.0508083 0.63448 0.181635 0.750861 -0.0255338
5.09 -10.7456 0.101824 0.0509083 0.633134 0.181845 0.751935 -0.0258427
5.1 -10.7451 0.102024 0.0510083 0.631786 0.182054 0.753006 -0.026153
5.11 -10.7446 0.102224 0.0511083 0.630437 0.182262 0.754076 -0.0264647
5.12 -10.7441 0.102424 0.0512083 0.629085 0.18247 0.755142 -0.0267776
5.13 -10.7436 0.102624 0.0513083 0.627731 0.182676 0.756207 -0.0270919
5.14 -10.7431 0.102824 0.0514083 0.626376 0.182882 0.757269 -0.0274076
5.15 -10.7426 0.103024 0.0515083 0.625018 0.183088 0.758329 -0.0277247
5.16 -10.7421 0.103224 0.0516083 0.623659 0.183292 0.759386 -0.0280431
5.17 -10.7416 0.103424 0.0517083 0.622298 0.183496 0.760441 -0.0283628
5.18 -10.7411 0.103624 0.0518083 0.620935 0.183699 0.761493 -0.028684
5.19 -10.7406 0.103824 0.0519083 0.61957 0.183902 0.762543 -0.0290064
5.2 -10.7401 0.104024 0.0520083 0.618203 0.184103 0.763591 -0.0293303
5.21 -10.7396 0.104224 0.0521083 0.616834 0.184304 0.764636 -0.0296556
5.22 -10.7391 0.104424 0.0522083 0.615463 0.184504 0.765679 -0.0299822
5.23 -10.7386 0.104624 0.0523083 0.614091 0.184703 0.766719 -0.0303102
5.24 -10.7381 0.104824 0.0524083 0.612717 0.184902 0.767757 -0.0306396
5.25 -10.7376 0.105024 0.0525083 0.61134 0.1851 0.768792 -0.0309703
5.26 -10.7371 0.105224 0.0526083 0.609962 0.185296 0.769825 -0.0313025
5.27 -10.7366 0.105424 0.0527083 0.608582 0.185493 0.770856 -0.031636
5.28 -10.7361 0.105624 0.0528083 0.607201 0.185688 0.771884 -0.031971
5.29 -10.7356 0.105824 0.0529083 0.605817 0.185883 0.77291 -0.0323073
5.3 -10.7351 0.106024 0.0530083 0.604432 0.186076 0.773933 -0.032645
5.31 -10.7346 0.106224 0.0531083 0.603044 0.186269 0.774954 -0.0329841
5.32 -10.7341 0.106424 0.0532083 0.601655 0.186462 0.775972 -0.0333247
5.33 -10.7336 0.106624 0.0533083 0.600264 0.186653 0.776988 -0.0336666
5.34 -10.7331 0.106824 0.0534083 0.598872 0.186844 0.778001 -0.03401
5.35 -10.7326 0.107024 0.0535083 0.597477 0.187033 0.779012 -0.0343547
5.36 -10.7321 0.107224 0.0536083 0.596081 0.187222 0.78002 -0.0347009
5.37 -10.7316 0.107424 0.0537083 0.594683 0.187411 0.781026 -0.0350485
5.38 -10.7311 0.107624 0.0538083 0.593283 0.187598 0.782029 -0.0353975
5.39 -10.7306 0.107824 0.0539083 0.591881 0.187785 0.78303 -0.0357479
5.4 -10.7301 0.108024 0.0540083 0.590477 0.187971 0.784028 -0.0360998
5.41 -10.7296 0.108224 0.0541083 0.589072 0.188155 0.785024 -0.036453
5.42 -10.7291 0.108424 0.0542083 0.587665 0.18834 0.786017 -0.0368078
5.43 -10.7286 0.108624 0.0543083 0.586256 0.188523 0.787008 -0.0371639
5.44 -10.7281 0.108824 0.0544083 0.584845 0.188705 0.787996 -0.0375215
5.45 -10.7276 0.109024 0.0545083 0.583433 0.188887 0.788982 -0.0378805
5.46 -10.7271 0.109224 0.0546083 0.582019 0.189068 0.789965 -0.0382409
5.47 -10.7266 0.109424 0.0547083 0.580603 0.189248 0.790946 -0.0386028
5.48 -10.7261 0.109624 0.0548083 0.579185 0.189427 0.791924 -0.0389661
5.49 -10.7256 0.109824 0.0549083 0.577765 0.189606 0.7929 -0.0393309
5.5 -10.7251 0.110024 0.0550083 0.576344 0.189783 0.793873 -0.0396972
5.51 -10.7246 0.110224 0.0551083 0.574921 0.18996 0.794843 -0.0400648
5.52 -10.7241 0.110424 0.0552083 0.573496 0.190136 0.795811 -0.040434
5.53 -10.7236 0.110624 0.0553083 0.57207 0.190311 0.796776 -0.0408046
5.54 -10.7231 0.110824 0.0554083 0.570642 0.190485 0.797739 -0.0411766
5.55 -10.7226 0.111024 0.0555083 0.569212 0.190658 0.798699 -0.0415501
5.56 -10.7221 0.111224 0.0556083 0.56778 0.19083 0.799657 -0.0419251
5.57 -10.7216 0.111424 0.0557083 0.566347 0.191002 0.800612 -0.0423016
5.58 -10.7211 0.111624 0.0558083 0.564912 0.191173 0.801565 -0.0426795
5.59 -10.7206 0.111824 0.0559083 0.563475 0.191343 0.802514 -0.0430589
5.6 -10.7201 0.112024 0.0560083 0.562037 0.191511 0.803462 -0.0434398
5.61 -10.7196 0.112224 0.0561083 0.560597 0.19168 0.804406 -0.0438221
5.62 -10.7191 0.112424 0.0562083 0.559155 0.191847 0.805349 -0.044206
5.63 -10.7186 0.112624 0.0563083 0.557712 0.192013 0.806288 -0.0445913
5.64 -10.7181 0.112824 0.0564083 0.556266 0.192179 0.807225 -0.0449781
5.65 -10.7176 0.113024 0.0565083 0.55482 0.192343 0.808159 -0.0453664
5.66 -10.7171 0.113224 0.0566083 0.553371 0.192507 0.809091 -0.0457562
5.67 -10.7166 0.113424 0.0567083 0.551921 0.19267 0.81002 -0.0461474
5.68 -10.7161 0.113624 0.0568083 0.550469 0.192832 0.810946 -0.0465402
5.69 -10.7156 0.113824 0.0569083 0.549016 0.192993 0.81187 -0.0469345
5.7 -10.7151 0.114024 0.0570083 0.547561 0.193153 0.812791 -0.0473302
5.71 -10.7146 0.114224 0.0571083 0.546104 0.193312 0.81371 -0.0477275
5.72 -10.7141 0.114424 0.0572083 0.544645 0.19347 0.814625 -0.0481263
5.73 -10.7136 0.114624 0.0573083 0.543185 0.193628 0.815539 -0.0485266
5.74 -10.7131 0.114824 0.0574083 0.541724 0.193784 0.816449 -0.0489284
5.75 -10.7126 0.115024 0.0575083 0.54026 0.19394 0.817357 -0.0493317
5.76 -10.7121 0.115224 0.0576083 0.538795 0.194094 0.818262 -0.0497365
5.77 -10.7116 0.115424 0.0577083 0.537329 0.194248 0.819165 -0.0501429
5.78 -10.7111 0.115624 0.0578083 0.535861 0.194401 0.820065 -0.0505508
5.79 -10.7106 0.115824 0.0579083 0.534391 0.194553 0.820962 -0.0509602
5.8 -10.7101 0.116024 0.0580083 0.53292 0.194704 0.821856 -0.0513711
5.81 -10.7096 0.116224 0.0581083 0.531447 0.194854 0.822748 -0.0517835
5.82 -10.7091 0.116424 0.0582083 0.529972 0.195003 0.823637 -0.0521975
5.83 -10.7086 0.116624 0.0583083 0.528496 0.195151 0.824524 -0.052613
5.84 -10.7081 0.116824 0.0584083 0.527019 0.195298 0.825408 -0.0530301
5.85 -10.7076 0.117024 0.0585083 0.525539 0.195445 0.826289 -0.0534487
5.86 -10.7071 0.117224 0.0586083 0.524059 0.19559 0.827167 -0.0538689
5.87 -10.7066 0.117424 0.0587083 0.522576 0.195734 0.828043 -0.0542905
5.88 -10.7061 0.117624 0.0588083 0.521092 0.195878 0.828916 -0.0547138
5.89 -10.7056 0.117824 0.0589083 0.519607 0.19602 0.829786 -0.0551385
5.9 -10.7051 0.118024 0.0590083 0.51812 0.196162 0.830653 -0.0555649
5.91 -10.7046 0.118224 0.0591083 0.516631 0.196302 0.831518 -0.0559928
5.92 -10.7041 0.118424 0.0592083 0.515141 0.196442 0.83238 -0.0564222
5.93 -10.7036 0.118624 0.0593083 0.513649 0.19658 0.83324 -0.0568532
5.94 -10.7031 0.118824 0.0594083 0.512156 0.196718 0.834096 -0.0572858
5.95 -10.7026 0.119024 0.0595083 0.510662 0.196854 0.83495 -0.0577199
5.96 -10.7021 0.119224 0.0596083 0.509165 0.19699 0.835801 -0.0581556
5.97 -10.7016 0.119424 0.0597083 0.507668 0.197125 0.836649 -0.0585929
5.98 -10.7011 0.119624 0.0598083 0.506168 0.197258 0.837495 -0.0590317
5.99 -10.7006 0.119824 0.0599083 0.504668 0.197391 0.838338 -0.0594721
6 -10.7001 0.120024 0.0600083 0.503166 0.197523 0.839178 -0.0599141
6.01 -10.6996 0.120224 0.0601083 0.501662 0.197653 0.840015 -0.0603577
6.02 -10.6991 0.120424 0.0602083 0.500157 0.197783 0.84085 -0.0608028
6.03 -10.6986 0.120624 0.0603083 0.49865 0.197912 0.841681 -0.0612496
6.04 -10.6981 0.120824 0.0604083 0.497142 0.198039 0.84251 -0.0616979
6.05 -10.6976 0.121024 0.0605083 0.495632 0.198166 0.843337 -0.0621478
6.06 -10.6971 0.121224 0.0606083 0.494121 0.198291 0.84416 -0.0625993
6.07 -10.6966 0.121424 0.0607083 0.492609 0.198416 0.84498 -0.0630524
6.08 -10.6961 0.121624 0.0608083 0.491095 0.19854 0.845798 -0.063507
6.09 -10.6956 0.121824 0.0609083 0.48958 0.198662 0.846613 -0.0639633
6.1 -10.6951 0.122024 0.0610083 0.488063 0.198784 0.847425 -0.0644212
6.11 -10.6946 0.122224 0.0611083 0.486544 0.198904 0.848235 -0.0648807
6.12 -10.6941 0.122424 0.0612083 0.485025 0.199023 0.849041 -0.0653418
6.13 -10.6936 0.122624 0.0613083 0.483504 0.199142 0.849845 -0.0658045
6.14 -10.6931 0.122824 0.0614083 0.481981 0.199259 0.850646 -0.0662688
6.15 -10.6926 0.123024 0.0615083 0.480457 0.199375 0.851444 -0.0667348
6.16 -10.6921 0.123224 0.0616083 0.478932 0.199491 0.852239 -0.0672023
6.17 -10.6916 0.123424 0.0617083 0.477405 0.199605 0.853032 -0.0676715
6.18 -10.6911 0.123624 0.0618083 0.475877 0.199718 0.853821 -0.0681422
6.19 -10.6906 0.123824 0.0619083 0.474347 0.19983 0.854608 -0.0686146
6.2 -10.6901 0.124024 0.0620083 0.472816 0.199941 0.855392 -0.0690887
6.21 -10.6896 0.124224 0.0621083 0.471284 0.20005 0.856173 -0.0695643
6.22 -10.6891 0.124424 0.0622083 0.469751 0.200159 0.856951 -0.0700416
6.23 -10.6886 0.124624 0.0623083 0.468216 0.200267 0.857726 -0.0705205
6.24 -10.6881 0.124824 0.0624083 0.466679 0.200374 0.858499 -0.071001
6.25 -10.6876 0.125024 0.0625083 0.465141 0.200479 0.859268 -0.0714832
6.26 -10.6871 0.125224 0.0626083 0.463602 0.200583 0.860035 -0.071967
6.27 -10.6866 0.125424 0.0627083 0.462062 0.200687 0.860799 -0.0724525
6.28 -10.6861 0.125624 0.0628083 0.46052 0.200789 0.86156 -0.0729396
6.29 -10.6856 0.125824 0.0629083 0.458977 0.20089 0.862318 -0.0734283
6.3 -10.6851 0.126024 0.0630083 0.457433 0.20099 0.863073 -0.0739187
6.31 -10.6846 0.126224 0.0631083 0.455887 0.201089 0.863825 -0.0744107
6.32 -10.6841 0.126424 0.0632083 0.45434 0.201187 0.864574 -0.0749044
6.33 -10.6836 0.126624 0.0633083 0.452791 0.201283 0.865321 -0.0753998
6.34 -10.6831 0.126824 0.0634083 0.451242 0.201379 0.866064 -0.0758968
6.35 -10.6826 0.127024 0.0635083 0.449691 0.201473 0.866805 -0.0763954
6.36 -10.6821 0.127224 0.0636083 0.448139 0.201566 0.867542 -0.0768958
6.37 -10.6816 0.127424 0.0637083 0.446585 0.201658 0.868277 -0.0773977
6.38 -10.6811 0.127624 0.0638083 0.44503 0.201749 0.869009 -0.0779014
6.39 -10.6806 0.127824 0.0639083 0.443474 0.201839 0.869738 -0.0784067
6.4 -10.6801 0.128024 0.0640083 0.441917 0.201928 0.870464 -0.0789137
6.41 -10.6796 0.128224 0.0641083 0.440358 0.202015 0.871187 -0.0794223
6.42 -10.6791 0.128424 0.0642083 0.438798 0.202101 0.871907 -0.0799326
6.43 -10.6786 0.128624 0.0643083 0.437237 0.202187 0.872624 -0.0804446
6.44 -10.6781 0.128824 0.0644083 0.435675 0.202271 0.873338 -0.0809583
6.45 -10.6776 0.129024 0.0645083 0.434111 0.202353 0.87405 -0.0814737
6.46 -10.6771 0.129224 0.0646083 0.432546 0.202435 0.874758 -0.0819907
6.47 -10.6766 0.129424 0.0647083 0.43098 0.202515 0.875463 -0.0825094
6.48 -10.6761 0.129624 0.0648083 0.429413 0.202595 0.876165 -0.0830298
6.49 -10.6756 0.129824 0.0649083 0.427845 0.202673 0.876865 -0.0835519
6.5 -10.6751 0.130024 0.0650083 0.426275 0.202749 0.877561 -0.0840757
6.51 -10.6746 0.130224 0.0651083 0.424704 0.202825 0.878255 -0.0846012
6.52 -10.6741 0.130424 0.0652083 0.423132 0.2029 0.878945 -0.0851284
6.53 -10.6736 0.130624 0.0653083 0.421559 0.202973 0.879632 -0.0856572
6.54 -10.6731 0.130824 0.0654083 0.419984 0.203045 0.880317 -0.0861878
6.55 -10.6726 0.131024 0.0655083 0.418409 0.203116 0.880998 -0.0867201
6.56 -10.6721 0.131224 0.0656083 0.416832 0.203185 0.881677 -0.087254
6.57 -10.6716 0.131424 0.0657083 0.415254 0.203253 0.882352 -0.0877897
6.58 -10.6711 0.131624 0.0658083 0.413675 0.203321 0.883024 -0.088327
6.59 -10.6706 0.131824 0.0659083 0.412095 0.203387 0.883694 -0.0888661
6.6 -10.6701 0.132024 0.0660083 0.410513 0.203451 0.88436 -0.0894069
6.61 -10.6696 0.132224 0.0661083 0.408931 0.203514 0.885024 -0.0899494
6.62 -10.6691 0.132424 0.0662083 0.407347 0.203577 0.885684 -0.0904936
6.63 -10.6686 0.132624 0.0663083 0.405762 0.203638 0.886341 -0.0910395
6.64 -10.6681 0.132824 0.0664083 0.404176 0.203697 0.886995 -0.0915872
6.65 -10.6676 0.133024 0.0665083 0.402589 0.203755 0.887647 -0.0921366
6.66 -10.6671 0.133224 0.0666083 0.401001 0.203813 0.888295 -0.0926877
6.67 -10.6666 0.133424 0.0667083 0.399412 0.203868 0.88894 -0.0932405
6.68 -10.6661 0.133624 0.0668083 0.397822 0.203923 0.889582 -0.093795
6.69 -10.6656 0.133824 0.0669083 0.39623 0.203976 0.890221 -0.0943512
6.7 -10.6651 0.134024 0.0670083 0.394638 0.204028 0.890857 -0.0949093
6.71 -10.6646 0.134224 0.0671083 0.393044 0.204079 0.89149 -0.095469
6.72 -10.6641 0.134424 0.0672083 0.39145 0.204128 0.892119 -0.0960304
6.73 -10.6636 0.134624 0.0673083 0.389854 0.204176 0.892746 -0.0965936
6.74 -10.6631 0.134824 0.0674083 0.388257 0.204223 0.89337 -0.0971585
6.75 -10.6626 0.135024 0.0675083 0.386659 0.204268 0.89399 -0.0977252
6.76 -10.6621 0.135224 0.0676083 0.385061 0.204312 0.894608 -0.0982936
6.77 -10.6616 0.135424 0.0677083 0.383461 0.204355 0.895222 -0.0988637
6.78 -10.6611 0.135624 0.0678083 0.38186 0.204397 0.895833 -0.0994356
6.79 -10.6606 0.135824 0.0679083 0.380258 0.204437 0.896442 -0.100009
6.8 -10.6601 0.136024 0.0680083 0.378655 0.204476 0.897047 -0.100585
6.81 -10.6596 0.136224 0.0681083 0.377051 0.204513 0.897649 -0.101162
6.82 -10.6591 0.136424 0.0682083 0.375446 0.204549 0.898247 -0.101741
6.83 -10.6586 0.136624 0.0683083 0.37384 0.204584 0.898843 -0.102321
6.84 -10.6581 0.136824 0.0684083 0.372233 0.204617 0.899436 -0.102904
6.85 -10.6576 0.137024 0.0685083 0.370626 0.20465 0.900025 -0.103488
6.86 -10.6571 0.137224 0.0686083 0.369017 0.20468 0.900612 -0.104074
6.87 -10.6566 0.137424 0.0687083 0.367407 0.20471 0.901195 -0.104661
6.88 -10.6561 0.137624 0.0688083 0.365796 0.204737 0.901775 -0.105251
6.89 -10.6556 0.137824 0.0689083 0.364185 0.204764 0.902352 -0.105842
6.9 -10.6551 0.138024 0.0690083 0.362572 0.204789 0.902926 -0.106435
6.91 -10.6546 0.138224 0.0691083 0.360958 0.204813 0.903496 -0.107029
6.92 -10.6541 0.138424 0.0692083 0.359344 0.204835 0.904064 -0.107626
6.93 -10.6536 0.138624 0.0693083 0.357728 0.204856 0.904628 -0.108224
6.94 -10.6531 0.138824 0.0694083 0.356112 0.204876 0.905189 -0.108824
6.95 -10.6526 0.139024 0.0695083 0.354495 0.204894 0.905747 -0.109426
6.96 -10.6521 0.139224 0.0696083 0.352876 0.204911 0.906302 -0.110029
6.97 -10.6516 0.139424 0.0697083 0.351257 0.204926 0.906854 -0.110634
6.98 -10.6511 0.139624 0.0698083 0.349637 0.20494 0.907402 -0.111241
6.99 -10.6506 0.139824 0.0699083 0.348017 0.204952 0.907947 -0.11185
7 -10.6501 0.140024 0.0700083 0.346395 0.204963 0.90849 -0.112461
7.01 -10.6496 0.140224 0.0701083 0.344772 0.204973 0.909028 -0.113073
7.02 -10.6491 0.140424 0.0702083 0.343149 0.204981 0.909564 -0.113687
7.03 -10.6486 0.140624 0.0703083 0.341524 0.204988 0.910097 -0.114303
7.04 -10.6481 0.140824 0.0704083 0.339899 0.204993 0.910626 -0.114921
7.05 -10.6476 0.141024 0.0705083 0.338273 0.204997 0.911152 -0.115541
7.06 -10.6471 0.141224 0.0706083 0.336646 0.204999 0.911675 -0.116162
7.07 -10.6466 0.141424 0.0707083 0.335019 0.205 0.912194 -0.116785
7.08 -10.6461 0.141624 0.0708083 0.33339 0.204999 0.912711 -0.11741
7.09 -10.6456 0.141824 0.0709083 0.331761 0.204997 0.913224 -0.118036
7.1 -10.6451 0.142024 0.0710083 0.330131 0.204993 0.913734 -0.118665
7.11 -10.6446 0.142224 0.0711083 0.3285 0.204988 0.914241 -0.119295
7.12 -10.6441 0.142424 0.0712083 0.326868 0.204982 0.914744 -0.119927
7.13 -10.6436 0.142624 0.0713083 0.325236 0.204973 0.915245 -0.120561
7.14 -10.6431 0.142824 0.0714083 0.323603 0.204964 0.915742 -0.121196
7.15 -10.6426 0.143024 0.0715083 0.321969 0.204952 0.916235 -0.121834
7.16 -10.6421 0.143224 0.0716083 0.320334 0.20494 0.916726 -0.122473
7.17 -10.6416 0.143424 0.0717083 0.318698 0.204925 0.917213 -0.123114
7.18 -10.6411 0.143624 0.0718083 0.317062 0.20491 0.917697 -0.123757
7.19 -10.6406 0.143824 0.0719083 0.315425 0.204892 0.918178 -0.124401
7.2 -10.6401 0.144024 0.0720083 0.313788 0.204874 0.918655 -0.125048
7.21 -10.6396 0.144224 0.0721083 0.312149 0.204853 0.919129 -0.125696
7.22 -10.6391 0.144424 0.0722083 0.31051 0.204831 0.9196 -0.126346
7.23 -10.6386 0.144624 0.0723083 0.30887 0.204808 0.920068 -0.126998
7.24 -10.6381 0.144824 0.0724083 0.30723 0.204782 0.920532 -0.127651
7.25 -10.6376 0.145024 0.0725083 0.305588 0.204756 0.920993 -0.128307
7.26 -10.6371 0.145224 0.0726083 0.303946 0.204727 0.921451 -0.128964
7.27 -10.6366 0.145424 0.0727083 0.302304 0.204698 0.921905 -0.129623
7.28 -10.6361 0.145624 0.0728083 0.30066 0.204666 0.922356 -0.130284
7.29 -10.6356 0.145824 0.0729083 0.299017 0.204633 0.922804 -0.130946
7.3 -10.6351 0.146024 0.0730083 0.297372 0.204599 0.923249 -0.131611
7.31 -10.6346 0.146224 0.0731083 0.295727 0.204562 0.92369 -0.132277
7.32 -10.6341 0.146424 0.0732083 0.294081 0.204524 0.924128 -0.132945
7.33 -10.6336 0.146624 0.0733083 0.292434 0.204485 0.924562 -0.133615
7.34 -10.6331 0.146824 0.0734083 0.290787 0.204444 0.924993 -0.134286
7.35 -10.6326 0.147024 0.0735083 0.289139 0.204401 0.925421 -0.13496
7.36 -10.6321 0.147224 0.0736083 0.287491 0.204357 0.925846 -0.135635
7.37 -10.6316 0.147424 0.0737083 0.285842 0.204311 0.926267 -0.136312
7.38 -10.6311 0.147624 0.0738083 0.284193 0.204263 0.926685 -0.136991
7.39 -10.6306 0.147824 0.0739083 0.282542 0.204214 0.927099 -0.137672
7.4 -10.6301 0.148024 0.0740083 0.280892 0.204163 0.92751 -0.138354
7.41 -10.6296 0.148224 0.0741083 0.27924 0.20411 0.927918 -0.139038
7.42 -10.6291 0.148424 0.0742083 0.277589 0.204056 0.928323 -0.139725
7.43 -10.6286 0.148624 0.0743083 0.275936 0.204 0.928724 -0.140413
7.44 -10.6281 0.148824 0.0744083 0.274283 0.203942 0.929121 -0.141102
7.45 -10.6276 0.149024 0.0745083 0.27263 0.203883 0.929516 -0.141794
7.46 -10.6271 0.149224 0.0746083 0.270976 0.203822 0.929907 -0.142487
7.47 -10.6266 0.149424 0.0747083 0.269321 0.203759 0.930294 -0.143182
7.48 -10.6261 0.149624 0.0748083 0.267666 0.203694 0.930678 -0.143879
7.49 -10.6256 0.149824 0.0749083 0.266011 0.203628 0.931059 -0.144578
7.5 -10.6251 0.150024 0.0750083 0.264355 0.20356 0.931436 -0.145279
7.51 -10.6246 0.150224 0.0751083 0.262698 0.203491 0.93181 -0.145982
7.52 -10.6241 0.150424 0.0752083 0.261041 0.203419 0.932181 -0.146686
7.53 -10.6236 0.150624 0.0753083 0.259384 0.203346 0.932548 -0.147392
7.54 -10.6231 0.150824 0.0754083 0.257726 0.203271 0.932912 -0.1481
7.55 -10.6226 0.151024 0.0755083 0.256068 0.203195 0.933272 -0.14881
7.56 -10.6221 0.151224 0.0756083 0.254409 0.203116 0.933629 -0.149521
7.57 -10.6216 0.151424 0.0757083 0.25275 0.203036 0.933983 -0.150235
7.58 -10.6211 0.151624 0.0758083 0.25109 0.202954 0.934333 -0.15095
7.59 -10.6206 0.151824 0.0759083 0.24943 0.202871 0.934679 -0.151667
7.6 -10.6201 0.152024 0.0760083 0.247769 0.202785 0.935023 -0.152386
7.61 -10.6196 0.152224 0.0761083 0.246108 0.202698 0.935362 -0.153106
7.62 -10.6191 0.152424 0.0762083 0.244447 0.202609 0.935699 -0.153829
7.63 -10.6186 0.152624 0.0763083 0.242785 0.202518 0.936032 -0.154553
7.64 -10.6181 0.152824 0.0764083 0.241123 0.202425 0.936361 -0.155279
7.65 -10.6176 0.153024 0.0765083 0.239461 0.202331 0.936687 -0.156007
7.66 -10.6171 0.153224 0.0766083 0.237798 0.202235 0.937009 -0.156737
7.67 -10.6166 0.153424 0.0767083 0.236135 0.202137 0.937329 -0.157468
7.68 -10.6161 0.153624 0.0768083 0.234471 0.202037 0.937644 -0.158202
7.69 -10.6156 0.153824 0.0769083 0.232808 0.201935 0.937956 -0.158937
7.7 -10.6151 0.154024 0.0770083 0.231143 0.201831 0.938265 -0.159674
7.71 -10.6146 0.154224 0.0771083 0.229479 0.201726 0.93857 -0.160413
7.72 -10.6141 0.154424 0.0772083 0.227814 0.201619 0.938872 -0.161154
7.73 -10.6136 0.154624 0.0773083 0.226149 0.20151 0.93917 -0.161896
7.74 -10.6131 0.154824 0.0774083 0.224484 0.201398 0.939465 -0.16264
7.75 -10.6126 0.155024 0.0775083 0.222818 0.201286 0.939756 -0.163386
7.76 -10.6121 0.155224 0.0776083 0.221152 0.201171 0.940044 -0.164134
7.77 -10.6116 0.155424 0.0777083 0.219486 0.201054 0.940328 -0.164884
7.78 -10.6111 0.155624 0.0778083 0.217819 0.200936 0.940609 -0.165636
7.79 -10.6106 0.155824 0.0779083 0.216153 0.200815 0.940886 -0.166389
7.8 -10.6101 0.156024 0.0780083 0.214486 0.200693 0.941159 -0.167144
7.81 -10.6096 0.156224 0.0781083 0.212819 0.200569 0.94143 -0.167901
7.82 -10.6091 0.156424 0.0782083 0.211151 0.200442 0.941696 -0.16866
7.83 -10.6086 0.156624 0.0783083 0.209484 0.200314 0.941959 -0.16942
7.84 -10.6081 0.156824 0.0784083 0.207816 0.200184 0.942219 -0.170183
7.85 -10.6076 0.157024 0.0785083 0.206148 0.200052 0.942475 -0.170947
7.86 -10.6071 0.157224 0.0786083 0.20448 0.199918 0.942728 -0.171713
7.87 -10.6066 0.157424 0.0787083 0.202811 0.199782 0.942977 -0.172481
7.88 -10.6061 0.157624 0.0788083 0.201143 0.199644 0.943222 -0.173251
7.89 -10.6056 0.157824 0.0789083 0.199474 0.199505 0.943464 -0.174022
7.9 -10.6051 0.158024 0.0790083 0.197805 0.199363 0.943702 -0.174795
7.91 -10.6046 0.158224 0.0791083 0.196136 0.199219 0.943937 -0.17557
7.92 -10.6041 0.158424 0.0792083 0.194467 0.199073 0.944168 -0.176347
7.93 -10.6036 0.158624 0.0793083 0.192798 0.198926 0.944396 -0.177126
7.94 -10.6031 0.158824 0.0794083 0.191128 0.198776 0.94462 -0.177906
7.95 -10.6026 0.159024 0.0795083 0.189459 0.198624 0.944841 -0.178688
7.96 -10.6021 0.159224 0.0796083 0.187789 0.19847 0.945058 -0.179473
7.97 -10.6016 0.159424 0.0797083 0.18612 0.198315 0.945271 -0.180258
7.98 -10.6011 0.159624 0.0798083 0.18445 0.198157 0.945481 -0.181046
7.99 -10.6006 0.159824 0.0799083 0.18278 0.197997 0.945687 -0.181835
8 -10.6001 0.160024 0.0800083 0.18111 0.197835 0.94589 -0.182627
8.01 -10.5996 0.160224 0.0801083 0.179441 0.197671 0.946089 -0.18342
8.02 -10.5991 0.160424 0.0802083 0.177771 0.197506 0.946284 -0.184214
8.03 -10.5986 0.160624 0.0803083 0.176101 0.197338 0.946476 -0.185011
8.04 -10.5981 0.160824 0.0804083 0.174431 0.197167 0.946665 -0.185809
8.05 -10.5976 0.161024 0.0805083 0.172761 0.196995 0.946849 -0.18661
8.06 -10.5971 0.161224 0.0806083 0.171091 0.196821 0.94703 -0.187412
8.07 -10.5966 0.161424 0.0807083 0.169421 0.196645 0.947208 -0.188215
8.08 -10.5961 0.161624 0.0808083 0.167751 0.196467 0.947381 -0.189021
8.09 -10.5956 0.161824 0.0809083 0.166081 0.196286 0.947552 -0.189828
8.1 -10.5951 0.162024 0.0810083 0.164411 0.196103 0.947718 -0.190637
8.11 -10.5946 0.162224 0.0811083 0.162741 0.195919 0.947881 -0.191448
8.12 -10.5941 0.162424 0.0812083 0.161072 0.195732 0.94804 -0.192261
8.13 -10.5936 0.162624 0.0813083 0.159402 0.195543 0.948196 -0.193075
8.14 -10.5931 0.162824 0.0814083 0.157732 0.195352 0.948348 -0.193891
8.15 -10.5926 0.163024 0.0815083 0.156063 0.195159 0.948497 -0.194709
8.16 -10.5921 0.163224 0.0816083 0.154393 0.194964 0.948641 -0.195529
8.17 -10.5916 0.163424 0.0817083 0.152724 0.194766 0.948782 -0.19635
8.18 -10.5911 0.163624 0.0818083 0.151055 0.194566 0.94892 -0.197174
8.19 -10.5906 0.163824 0.0819083 0.149386 0.194365 0.949054 -0.197999
8.2 -10.5901 0.164024 0.0820083 0.147717 0.194161 0.949184 -0.198825
8.21 -10.5896 0.164224 0.0821083 0.146048 0.193955 0.94931 -0.199654
8.22 -10.5891 0.164424 0.0822083 0.144379 0.193746 0.949433 -0.200484
8.23 -10.5886 0.164624 0.0823083 0.142711 0.193536 0.949552 -0.201316
8.24 -10.5881 0.164824 0.0824083 0.141042 0.193323 0.949668 -0.20215
8.25 -10.5876 0.165024 0.0825083 0.139374 0.193108 0.949779 -0.202986
8.26 -10.5871 0.165224 0.0826083 0.137706 0.192891 0.949887 -0.203823
8.27 -10.5866 0.165424 0.0827083 0.136039 0.192672 0.949992 -0.204662
8.28 -10.5861 0.165624 0.0828083 0.134371 0.19245 0.950093 -0.205503
8.29 -10.5856 0.165824 0.0829083 0.132704 0.192226 0.95019 -0.206345
8.3 -10.5851 0.166024 0.0830083 0.131037 0.192 0.950283 -0.207189
8.31 -10.5846 0.166224 0.0831083 0.12937 0.191772 0.950373 -0.208035
8.32 -10.5841 0.166424 0.0832083 0.127704 0.191542 0.950459 -0.208883
8.33 -10.5836 0.166624 0.0833083 0.126037 0.191309 0.950541 -0.209732
8.34 -10.5831 0.166824 0.0834083 0.124372 0.191074 0.950619 -0.210584
8.35 -10.5826 0.167024 0.0835083 0.122706 0.190836 0.950694 -0.211437
8.36 -10.5821 0.167224 0.0836083 0.12104 0.190597 0.950765 -0.212291
8.37 -10.5816 0.167424 0.0837083 0.119375 0.190355 0.950833 -0.213147
8.38 -10.5811 0.167624 0.0838083 0.117711 0.190111 0.950896 -0.214005
8.39 -10.5806 0.167824 0.0839083 0.116046 0.189864 0.950956 -0.214865
8.4 -10.5801 0.168024 0.0840083 0.114382 0.189615 0.951012 -0.215727
8.41 -10.5796 0.168224 0.0841083 0.112718 0.189364 0.951065 -0.21659
8.42 -10.5791 0.168424 0.0842083 0.111055 0.189111 0.951114 -0.217455
8.43 -10.5786 0.168624 0.0843083 0.109392 0.188855 0.951159 -0.218321
8.44 -10.5781 0.168824 0.0844083 0.107729 0.188597 0.9512 -0.21919
8.45 -10.5776 0.169024 0.0845083 0.106067 0.188337 0.951238 -0.22006
8.46 -10.5771 0.169224 0.0846083 0.104405 0.188074 0.951271 -0.220931
8.47 -10.5766 0.169424 0.0847083 0.102744 0.187809 0.951301 -0.221805
8.48 -10.5761 0.169624 0.0848083 0.101083 0.187541 0.951328 -0.22268
8.49 -10.5756 0.169824 0.0849083 0.0994225 0.187272 0.95135 -0.223556
8.5 -10.5751 0.170024 0.0850083 0.0977624 0.186999 0.951369 -0.224435
8.51 -10.5746 0.170224 0.0851083 0.0961028 0.186725 0.951384 -0.225315
8.52 -10.5741 0.170424 0.0852083 0.0944436 0.186448 0.951395 -0.226197
8.53 -10.5736 0.170624 0.0853083 0.0927849 0.186168 0.951403 -0.22708
8.54 -10.5731 0.170824 0.0854083 0.0911267 0.185887 0.951406 -0.227965
8.55 -10.5726 0.171024 0.0855083 0.0894691 0.185602 0.951406 -0.228852
8.56 -10.5721 0.171224 0.0856083 0.0878119 0.185316 0.951402 -0.22974
8.57 -10.5716 0.171424 0.0857083 0.0861552 0.185027 0.951395 -0.23063
8.58 -10.5711 0.171624 0.0858083 0.0844991 0.184735 0.951383 -0.231522
8.59 -10.5706 0.171824 0.0859083 0.0828435 0.184441 0.951368 -0.232415
8.6 -10.5701 0.172024 0.0860083 0.0811885 0.184145 0.951349 -0.23331
8.61 -10.5696 0.172224 0.0861083 0.079534 0.183846 0.951326 -0.234207
8.62 -10.5691 0.172424 0.0862083 0.0778802 0.183545 0.9513 -0.235105
8.63 -10.5686 0.172624 0.0863083 0.0762269 0.183241 0.951269 -0.236005
8.64 -10.5681 0.172824 0.0864083 0.0745742 0.182935 0.951235 -0.236907
8.65 -10.5676 0.173024 0.0865083 0.0729221 0.182626 0.951197 -0.23781
8.66 -10.5671 0.173224 0.0866083 0.0712707 0.182315 0.951156 -0.238715
8.67 -10.5666 0.173424 0.0867083 0.0696198 0.182002 0.95111 -0.239621
8.68 -10.5661 0.173624 0.0868083 0.0679697 0.181686 0.951061 -0.240529
8.69 -10.5656 0.173824 0.0869083 0.0663201 0.181367 0.951007 -0.241439
8.7 -10.5651 0.174024 0.0870083 0.0646713 0.181046 0.95095 -0.24235
8.71 -10.5646 0.174224 0.0871083 0.0630231 0.180722 0.95089 -0.243263
8.72 -10.5641 0.174424 0.0872083 0.0613756 0.180396 0.950825 -0.244177
8.73 -10.5636 0.174624 0.0873083 0.0597288 0.180067 0.950756 -0.245093
8.74 -10.5631 0.174824 0.0874083 0.0580828 0.179736 0.950684 -0.246011
8.75 -10.5626 0.175024 0.0875083 0.0564374 0.179402 0.950608 -0.24693
8.76 -10.5621 0.175224 0.0876083 0.0547928 0.179066 0.950528 -0.247851
8.77 -10.5616 0.175424 0.0877083 0.0531489 0.178727 0.950444 -0.248773
8.78 -10.5611 0.175624 0.0878083 0.0515058 0.178385 0.950356 -0.249697
8.79 -10.5606 0.175824 0.0879083 0.0498635 0.178041 0.950265 -0.250622
8.8 -10.5601 0.176024 0.0880083 0.0482219 0.177695 0.95017 -0.251549
8.81 -10.5596 0.176224 0.0881083 0.0465812 0.177345 0.95007 -0.252478
8.82 -10.5591 0.176424 0.0882083 0.0449412 0.176994 0.949967 -0.253408
8.83 -10.5586 0.176624 0.0883083 0.0433021 0.176639 0.949861 -0.254339
8.84 -10.5581 0.176824 0.0884083 0.0416638 0.176282 0.94975 -0.255273
8.85 -10.5576 0.177024 0.0885083 0.0400263 0.175922 0.949635 -0.256207
8.86 -10.5571 0.177224 0.0886083 0.0383897 0.17556 0.949517 -0.257143
8.87 -10.5566 0.177424 0.0887083 0.0367539 0.175195 0.949394 -0.258081
8.88 -10.5561 0.177624 0.0888083 0.035119 0.174828 0.949268 -0.259021
8.89 -10.5556 0.177824 0.0889083 0.033485 0.174458 0.949138 -0.259961
8.9 -10.5551 0.178024 0.0890083 0.0318519 0.174085 0.949004 -0.260904
8.91 -10.5546 0.178224 0.0891083 0.0302197 0.173709 0.948867 -0.261847
8.92 -10.5541 0.178424 0.0892083 0.0285885 0.173331 0.948725 -0.262793
8.93 -10.5536 0.178624 0.0893083 0.0269581 0.17295 0.948579 -0.263739
8.94 -10.5531 0.178824 0.0894083 0.0253287 0.172567 0.94843 -0.264688
8.95 -10.5526 0.179024 0.0895083 0.0237003 0.172181 0.948277 -0.265637
8.96 -10.5521 0.179224 0.0896083 0.0220728 0.171792 0.94812 -0.266589
8.97 -10.5516 0.179424 0.0897083 0.0204463 0.1714 0.947959 -0.267541
8.98 -10.5511 0.179624 0.0898083 0.0188209 0.171006 0.947794 -0.268495
8.99 -10.5506 0.179824 0.0899083 0.0171964 0.170609 0.947625 -0.269451
9 -10.5501 0.180024 0.0900083 0.0155729 0.170209 0.947452 -0.270408
9.01 -10.5496 0.180224 0.0901083 0.0139505 0.169807 0.947276 -0.271367
9.02 -10.5491 0.180424 0.0902083 0.0123291 0.169402 0.947095 -0.272326
9.03 -10.5486 0.180624 0.0903083 0.0107087 0.168994 0.946911 -0.273288
9.04 -10.5481 0.180824 0.0904083 0.00908945 0.168584 0.946723 -0.274251
9.05 -10.5476 0.181024 0.0905083 0.00747127 0.16817 0.94653 -0.275215
9.06 -10.5471 0.181224 0.0906083 0.00585415 0.167754 0.946334 -0.27618
9.07 -10.5466 0.181424 0.0907083 0.00423814 0.167335 0.946134 -0.277147
9.08 -10.5461 0.181624 0.0908083 0.00262326 0.166914 0.945931 -0.278116
9.09 -10.5456 0.181824 0.0909083 0.00100949 0.166489 0.945723 -0.279086
9.1 -10.5451 0.182024 0.0910083 -0.000603124 0.166062 0.945511 -0.280057
9.11 -10.5446 0.182224 0.0911083 -0.0022146 0.165632 0.945296 -0.281029
9.12 -10.5441 0.182424 0.0912083 -0.00382492 0.165199 0.945076 -0.282003
9.13 -10.5436 0.182624 0.0913083 -0.00543404 0.164764 0.944853 -0.282979
9.14 -10.5431 0.182824 0.0914083 -0.00704198 0.164325 0.944625 -0.283955
9.15 -10.5426 0.183024 0.0915083 -0.00864873 0.163884 0.944394 -0.284933
9.16 -10.5421 0.183224 0.0916083 -0.0102543 0.16344 0.944159 -0.285913
9.17 -10.5416 0.183424 0.0917083 -0.0118586 0.162993 0.94392 -0.286894
9.18 -10.5411 0.183624 0.0918083 -0.0134616 0.162544 0.943677 -0.287876
9.19 -10.5406 0.183824 0.0919083 -0.0150634 0.162091 0.94343 -0.288859
9.2 -10.5401 0.184024 0.0920083 -0.016664 0.161636 0.943179 -0.289844
9.21 -10.5396 0.184224 0.0921083 -0.0182633 0.161178 0.942924 -0.29083
9.22 -10.5391 0.184424 0.0922083 -0.0198612 0.160717 0.942666 -0.291817
9.23 -10.5386 0.184624 0.0923083 -0.0214579 0.160253 0.942403 -0.292806
9.24 -10.5381 0.184824 0.0924083 -0.0230533 0.159786 0.942136 -0.293796
9.25 -10.5376 0.185024 0.0925083 -0.0246473 0.159316 0.941866 -0.294787
9.26 -10.5371 0.185224 0.0926083 -0.02624 0.158844 0.941592 -0.295779
9.27 -10.5366 0.185424 0.0927083 -0.0278314 0.158368 0.941313 -0.296773
9.28 -10.5361 0.185624 0.0928083 -0.0294214 0.15789 0.941031 -0.297768
9.29 -10.5356 0.185824 0.0929083 -0.03101 0.157409 0.940745 -0.298764
9.3 -10.5351 0.186024 0.0930083 -0.0325972 0.156925 0.940455 -0.299762
9.31 -10.5346 0.186224 0.0931083 -0.034183 0.156438 0.940161 -0.300761
9.32 -10.5341 0.186424 0.0932083 -0.0357674 0.155948 0.939863 -0.301761
9.33 -10.5336 0.186624 0.0933083 -0.0373504 0.155455 0.939561 -0.302762
9.34 -10.5331 0.186824 0.0934083 -0.0389319 0.154959 0.939255 -0.303764
9.35 -10.5326 0.187024 0.0935083 -0.040512 0.15446 0.938945 -0.304768
9.36 -10.5321 0.187224 0.0936083 -0.0420906 0.153958 0.938631 -0.305773
9.37 -10.5316 0.187424 0.0937083 -0.0436677 0.153454 0.938313 -0.306779
9.38 -10.5311 0.187624 0.0938083 -0.0452434 0.152946 0.937992 -0.307786
9.39 -10.5306 0.187824 0.0939083 -0.0468175 0.152435 0.937666 -0.308794
9.4 -10.5301 0.188024 0.0940083 -0.0483901 0.151922 0.937337 -0.309804
9.41 -10.5296 0.188224 0.0941083 -0.0499612 0.151405 0.937003 -0.310814
9.42 -10.5291 0.188424 0.0942083 -0.0515307 0.150886 0.936666 -0.311826
9.43 -10.5286 0.188624 0.0943083 -0.0530987 0.150363 0.936324 -0.312839
9.44 -10.5281 0.188824 0.0944083 -0.0546651 0.149838 0.935979 -0.313853
9.45 -10.5276 0.189024 0.0945083 -0.0562299 0.149309 0.93563 -0.314869
9.46 -10.5271 0.189224 0.0946083 -0.0577931 0.148778 0.935276 -0.315885
9.47 -10.5266 0.189424 0.0947083 -0.0593547 0.148243 0.934919 -0.316903
9.48 -10.5261 0.189624 0.0948083 -0.0609147 0.147706 0.934558 -0.317921
9.49 -10.5256 0.189824 0.0949083 -0.0624731 0.147165 0.934193 -0.318941
9.5 -10.5251 0.190024 0.0950083 -0.0640298 0.146622 0.933824 -0.319962
9.51 -10.5246 0.190224 0.0951083 -0.0655848 0.146075 0.933451 -0.320983
9.52 -10.5241 0.190424 0.0952083 -0.0671382 0.145526 0.933074 -0.322006
9.53 -10.5236 0.190624 0.0953083 -0.0686898 0.144973 0.932693 -0.32303
9.54 -10.5231 0.190824 0.0954083 -0.0702398 0.144417 0.932308 -0.324055
9.55 -10.5226 0.191024 0.0955083 -0.0717881 0.143858 0.931919 -0.325081
9.56 -10.5221 0.191224 0.0956083 -0.0733346 0.143297 0.931526 -0.326108
9.57 -10.5216 0.191424 0.0957083 -0.0748794 0.142732 0.93113 -0.327136
9.58 -10.5211 0.191624 0.0958083 -0.0764224 0.142164 0.930729 -0.328165
9.59 -10.5206 0.191824 0.0959083 -0.0779636 0.141593 0.930324 -0.329195
9.6 -10.5201 0.192024 0.0960083 -0.0795031 0.141018 0.929916 -0.330226
9.61 -10.5196 0.192224 0.0961083 -0.0810408 0.140441 0.929503 -0.331259
9.62 -10.5191 0.192424 0.0962083 -0.0825767 0.139861 0.929087 -0.332292
9.63 -10.5186 0.192624 0.0963083 -0.0841107 0.139278 0.928666 -0.333326
9.64 -10.5181 0.192824 0.0964083 -0.0856429 0.138691 0.928242 -0.33436
9.65 -10.5176 0.193024 0.0965083 -0.0871733 0.138101 0.927814 -0.335396
9.66 -10.5171 0.193224 0.0966083 -0.0887018 0.137509 0.927381 -0.336433
9.67 -10.5166 0.193424 0.0967083 -0.0902284 0.136913 0.926945 -0.337471
9.68 -10.5161 0.193624 0.0968083 -0.0917531 0.136314 0.926505 -0.338509
9.69 -10.5156 0.193824 0.0969083 -0.093276 0.135712 0.926061 -0.339549
9.7 -10.5151 0.194024 0.0970083 -0.0947969 0.135106 0.925613 -0.340589
9.71 -10.5146 0.194224 0.0971083 -0.0963159 0.134498 0.925161 -0.341631
9.72 -10.5141 0.194424 0.0972083 -0.0978329 0.133886 0.924705 -0.342673
9.73 -10.5136 0.194624 0.0973083 -0.099348 0.133272 0.924245 -0.343716
9.74 -10.5131 0.194824 0.0974083 -0.100861 0.132654 0.923781 -0.34476
9.75 -10.5126 0.195024 0.0975083 -0.102372 0.132033 0.923313 -0.345804
9.76 -10.5121 0.195224 0.0976083 -0.103881 0.131409 0.922841 -0.34685
9.77 -10.5116 0.195424 0.0977083 -0.105388 0.130781 0.922365 -0.347896
9.78 -10.5111 0.195624 0.0978083 -0.106894 0.130151 0.921886 -0.348944
9.79 -10.5106 0.195824 0.0979083 -0.108397 0.129517 0.921402 -0.349992
9.8 -10.5101 0.196024 0.0980083 -0.109898 0.12888 0.920914 -0.35104
9.81 -10.5096 0.196224 0.0981083 -0.111397 0.12824 0.920423 -0.35209
9.82 -10.5091 0.196424 0.0982083 -0.112893 0.127597 0.919927 -0.35314
9.83 -10.5086 0.196624 0.0983083 -0.114388 0.126951 0.919428 -0.354191
9.84 -10.5081 0.196824 0.0984083 -0.115881 0.126301 0.918924 -0.355243
9.85 -10.5076 0.197024 0.0985083 -0.117371 0.125648 0.918417 -0.356295
9.86 -10.5071 0.197224 0.0986083 -0.11886 0.124992 0.917906 -0.357349
9.87 -10.5066 0.197424 0.0987083 -0.120346 0.124333 0.917391 -0.358403
9.88 -10.5061 0.197624 0.0988083 -0.12183 0.12367 0.916872 -0.359457
9.89 -10.5056 0.197824 0.0989083 -0.123312 0.123004 0.916349 -0.360513
9.9 -10.5051 0.198024 0.0990083 -0.124792 0.122335 0.915822 -0.361569
9.91 -10.5046 0.198224 0.0991083 -0.126269 0.121663 0.915291 -0.362625
9.92 -10.5041 0.198424 0.0992083 -0.127745 0.120988 0.914756 -0.363683
9.93 -10.5036 0.198624 0.0993083 -0.129218 0.120309 0.914217 -0.364741
9.94 -10.5031 0.198824 0.0994083 -0.130689 0.119627 0.913674 -0.365799
9.95 -10.5026 0.199024 0.0995083 -0.132157 0.118942 0.913128 -0.366859
9.96 -10.5021 0.199224 0.0996083 -0.133623 0.118253 0.912577 -0.367918
9.97 -10.5016 0.199424 0.0997083 -0.135087 0.117562 0.912023 -0.368979
9.98 -10.5011 0.199624 0.0998083 -0.136549 0.116867 0.911464 -0.37004
9.99 -10.5006 0.199824 0.0999083 -0.138009 0.116169 0.910902 -0.371101
10 -10.5001 0.200024 0.100008 -0.139466 0.115467 0.910336 -0.372164
