0.333365 -0.0999947 0.0334091
0.333401 -0.0998742 0.0332349
0.333434 -0.0997531 0.0330497
0.333466 -0.099637 0.0328764
0.3335 -0.0995223 0.0326937
0.333534 -0.0993971 0.0325205
0.333565 -0.0992841 0.0323392
0.333599 -0.0991738 0.0321654
0.333631 -0.0990487 0.0319812
0.333662 -0.0989355 0.0318101
0.333694 -0.0988298 0.0316313
0.333726 -0.0987034 0.0314536
0.333757 -0.0985952 0.0312783
0.333789 -0.0984852 0.0310987
0.33382 -0.0983702 0.0309256
0.333852 -0.0982569 0.0307494
0.333881 -0.0981523 0.0305712
0.333911 -0.098039 0.0303915
0.333941 -0.0979296 0.0302295
0.333972 -0.0978194 0.030043
0.334002 -0.0977151 0.0298695
0.33403 -0.0976023 0.0296939
0.33406 -0.0974993 0.0295233
0.334089 -0.0973931 0.0293425
0.334119 -0.097287 0.0291688
0.334147 -0.0971819 0.029002
0.334175 -0.0970799 0.0288175
0.334204 -0.0969757 0.0286467
0.334232 -0.0968662 0.0284684
0.33426 -0.0967677 0.0283047
0.334286 -0.096664 0.0281293
0.334315 -0.0965657 0.0279554
0.334342 -0.0964609 0.027779
0.33437 -0.096365 0.0276071
0.334397 -0.0962638 0.0274382
0.334423 -0.0961684 0.0272596
0.33445 -0.0960684 0.0270835
0.334475 -0.0959697 0.0269205
0.334502 -0.0958669 0.0267465
0.334527 -0.0957836 0.0265737
0.334554 -0.0956777 0.0263945
0.334579 -0.095589 0.0262347
0.334603 -0.0954851 0.0260556
0.334631 -0.0953983 0.025888
0.334653 -0.0953034 0.0257115
0.33468 -0.0952144 0.0255468
0.334704 -0.095113 0.025373
0.334729 -0.0950326 0.0251994
0.334751 -0.0949338 0.0250316
0.334776 -0.0948452 0.0248593
0.3348 -0.0947579 0.0246976
0.334823 -0.0946707 0.0245112
0.334847 -0.0945833 0.0243547
0.33487 -0.0944866 0.0241797
0.334894 -0.0944072 0.0240065
0.334916 -0.0943195 0.0238467
0.334939 -0.0942293 0.0236694
0.33496 -0.0941448 0.0235012
0.334984 -0.0940635 0.0233298
0.335006 -0.0939756 0.0231737
0.335029 -0.0938954 0.0229892
0.335048 -0.0938102 0.0228296
0.335071 -0.0937318 0.0226567
0.335093 -0.0936476 0.0224868
0.335114 -0.0935649 0.0223195
0.335135 -0.0934834 0.0221525
0.335156 -0.093406 0.0219839
0.335176 -0.0933298 0.0218174
0.335196 -0.0932444 0.0216493
0.335218 -0.0931741 0.0214788
0.335237 -0.0930928 0.0213097
0.335258 -0.0930131 0.0211536
0.335277 -0.0929394 0.0209721
0.335298 -0.0928631 0.020814
0.335317 -0.0927946 0.020645
0.335336 -0.0927134 0.0204737
0.335355 -0.092637 0.0203175
0.335374 -0.0925661 0.0201386
0.335393 -0.0924959 0.0199804
0.335411 -0.0924203 0.0198104
0.33543 -0.0923539 0.0196428
0.335447 -0.0922818 0.0194767
0.335466 -0.09221 0.0193155
0.335485 -0.0921343 0.0191462
0.335502 -0.0920704 0.0189804
0.335519 -0.0920079 0.0188175
0.335537 -0.0919419 0.0186499
0.335554 -0.0918636 0.0184815
0.335572 -0.091799 0.0183154
0.335587 -0.0917397 0.0181549
0.335605 -0.0916712 0.0179901
0.335621 -0.0915973 0.0178191
0.335637 -0.0915434 0.0176606
0.335655 -0.0914739 0.0174919
0.33567 -0.0914183 0.0173264
0.335686 -0.0913501 0.0171656
0.335701 -0.091291 0.0169981
0.335718 -0.0912281 0.016833
0.335733 -0.091168 0.0166734
0.335748 -0.0911045 0.0165061
0.335763 -0.0910449 0.0163427
0.335777 -0.0909936 0.0161814
0.335793 -0.0909316 0.0160098
0.335807 -0.0908748 0.0158483
0.335823 -0.0908132 0.0156882
0.335836 -0.0907595 0.015522
0.33585 -0.090704 0.0153614
0.335864 -0.0906499 0.0151941
0.335878 -0.0905905 0.015036
0.335892 -0.0905426 0.0148678
0.335906 -0.0904813 0.0147032
0.335917 -0.0904368 0.0145454
0.335933 -0.0903796 0.0143802
0.335945 -0.0903276 0.0142207
0.335956 -0.090282 0.0140524
0.335972 -0.0902224 0.0138923
0.335982 -0.0901775 0.0137258
0.335995 -0.0901248 0.0135694
0.336008 -0.0900815 0.0134019
0.336019 -0.0900312 0.0132413
0.336033 -0.0899827 0.0130808
0.336041 -0.0899361 0.0129155
0.336056 -0.0898868 0.0127569
0.336066 -0.0898477 0.0125926
0.336079 -0.0897941 0.0124308
0.336088 -0.0897534 0.0122704
0.336099 -0.0897102 0.0121066
0.336111 -0.0896631 0.0119462
0.336121 -0.0896261 0.0117753
0.336132 -0.0895774 0.011629
0.336141 -0.0895373 0.0114582
0.336153 -0.0894995 0.0112984
0.336162 -0.0894584 0.0111366
0.336173 -0.0894191 0.0109806
0.336182 -0.0893738 0.0108149
0.336193 -0.0893413 0.010655
0.336201 -0.0892969 0.0104878
0.336211 -0.089261 0.010338
0.336219 -0.0892273 0.0101687
0.336229 -0.0891868 0.0100115
0.336237 -0.0891568 0.00984745
0.336246 -0.089115 0.00968461
0.336255 -0.0890844 0.00953062
0.336263 -0.0890487 0.0093658
0.336271 -0.0890171 0.00920125
0.33628 -0.0889845 0.00905018
0.336288 -0.0889478 0.00888379
0.336295 -0.0889168 0.00872385
0.336303 -0.088886 0.00856335
0.336311 -0.0888587 0.0084076
0.336318 -0.0888232 0.00823584
0.336325 -0.0887954 0.00808606
0.336334 -0.088766 0.007919
0.336338 -0.0887422 0.00776358
0.336346 -0.0887159 0.00760388
0.336353 -0.0886813 0.00744373
0.336358 -0.0886589 0.00727952
0.336366 -0.0886343 0.00712303
0.33637 -0.0886082 0.00696302
0.336378 -0.0885802 0.00680166
0.336384 -0.0885535 0.00663852
0.33639 -0.0885314 0.0064852
0.336395 -0.0885148 0.00632618
0.3364 -0.0884878 0.00615621
0.336405 -0.0884696 0.00600229
0.336411 -0.0884442 0.00584754
0.336416 -0.0884245 0.00568121
0.336421 -0.0884045 0.00552853
0.336425 -0.0883834 0.00536315
0.33643 -0.0883663 0.00520253
0.336435 -0.0883454 0.00504925
0.336437 -0.0883333 0.00488328
0.336444 -0.088306 0.00472519
0.336445 -0.0883016 0.00457031
0.336453 -0.0882705 0.00440734
0.336455 -0.0882712 0.00424847
0.336458 -0.088251 0.00408745
0.336461 -0.0882317 0.00393177
0.336465 -0.0882215 0.00376913
0.336468 -0.0882025 0.00361177
0.336471 -0.0882012 0.00345354
0.336474 -0.088182 0.00329239
0.336476 -0.0881682 0.0031368
0.336477 -0.0881647 0.00297518
0.336483 -0.088146 0.00280959
0.336485 -0.0881374 0.0026593
0.336484 -0.0881368 0.00249825
0.336489 -0.0881195 0.00233586
0.336489 -0.0881169 0.00217895
0.33649 -0.0881114 0.00201935
0.336494 -0.0880977 0.00186596
0.336495 -0.0880982 0.00169301
0.336495 -0.0880864 0.00154639
0.336496 -0.0880871 0.00138415
0.336499 -0.0880753 0.00122387
0.336497 -0.0880795 0.00106453
0.336501 -0.088072 0.000910098
0.336499 -0.0880647 0.000746963
0.336499 -0.0880706 0.000588079
0.336501 -0.0880651 0.000430948
0.336501 -0.0880666 0.000269257
0.3365 -0.088061 0.000109658
0.3365 -0.0880675 -4.96315e-05
0.3365 -0.0880604 -0.000205678
0.336499 -0.0880712 -0.000368675
0.336499 -0.088067 -0.000520762
0.336498 -0.0880716 -0.000682232
0.336496 -0.088075 -0.000840133
0.336495 -0.0880807 -0.0010055
0.336496 -0.0880789 -0.00115967
0.336494 -0.0880781 -0.00132248
0.336491 -0.0881017 -0.00147503
0.33649 -0.0880903 -0.00164276
0.336487 -0.0881071 -0.00179466
0.336489 -0.0881128 -0.00195667
0.336484 -0.0881187 -0.00211602
0.336484 -0.0881257 -0.00227131
0.336479 -0.0881368 -0.00243383
0.336478 -0.0881466 -0.00259044
0.336475 -0.0881583 -0.00275134
0.336471 -0.0881689 -0.00291559
0.336471 -0.0881763 -0.00306873
0.336464 -0.0881882 -0.00322726
0.336465 -0.0882031 -0.00339178
0.33646 -0.0882159 -0.00353982
0.336456 -0.0882239 -0.00370992
0.336453 -0.0882411 -0.00386528
0.336449 -0.0882609 -0.00402457
0.336445 -0.0882692 -0.00418288
0.33644 -0.0882887 -0.00434555
0.336437 -0.0883074 -0.00450106
0.336433 -0.0883175 -0.00466296
0.336428 -0.0883421 -0.00482528
0.336424 -0.0883539 -0.00497724
0.336417 -0.0883769 -0.00514336
0.336416 -0.0883956 -0.00530204
0.336407 -0.0884156 -0.00546084
0.336405 -0.0884303 -0.00561809
0.336396 -0.0884626 -0.00577673
0.336393 -0.0884752 -0.00594417
0.336386 -0.0885002 -0.00609565
0.336382 -0.0885234 -0.00625778
0.336373 -0.0885491 -0.00642244
0.33637 -0.0885694 -0.00657718
0.336363 -0.0885962 -0.00673743
0.336357 -0.0886141 -0.00689611
0.336348 -0.0886564 -0.00705816
0.336344 -0.0886659 -0.00721944
0.336336 -0.0887006 -0.00737684
0.33633 -0.0887263 -0.00753324
0.336321 -0.0887485 -0.00770347
0.336314 -0.0887922 -0.00785591
0.336309 -0.0888138 -0.00801806
0.336299 -0.0888384 -0.00817854
0.336292 -0.0888732 -0.0083388
0.336285 -0.0888997 -0.00849454
0.336277 -0.0889401 -0.00866695
0.336267 -0.0889657 -0.00881786
0.33626 -0.0889984 -0.00897543
0.336249 -0.0890346 -0.00914449
0.336243 -0.0890683 -0.00930489
0.336235 -0.0891006 -0.00946133
0.336224 -0.0891356 -0.00962425
0.336216 -0.0891758 -0.00978393
0.336207 -0.0892045 -0.00994546
0.336196 -0.0892481 -0.010104
0.336188 -0.0892828 -0.0102674
0.336178 -0.0893215 -0.0104295
0.33617 -0.0893613 -0.0105902
0.336157 -0.0893949 -0.0107478
0.336147 -0.0894394 -0.0109144
0.336137 -0.0894806 -0.011067
0.336128 -0.0895165 -0.0112358
0.336117 -0.0895634 -0.0113928
0.336106 -0.0896017 -0.0115599
0.336095 -0.0896457 -0.0117214
0.336082 -0.0896907 -0.0118792
0.336076 -0.0897309 -0.0120364
0.33606 -0.0897787 -0.0122109
0.33605 -0.0898228 -0.0123646
0.336039 -0.0898652 -0.0125273
0.336026 -0.0899151 -0.012686
0.336015 -0.0899599 -0.0128544
0.336 -0.0900111 -0.0130173
0.335991 -0.0900569 -0.0131741
0.335979 -0.0901013 -0.013337
0.335964 -0.090155 -0.0135087
0.335952 -0.0902032 -0.0136591
0.335939 -0.0902543 -0.0138245
0.335925 -0.090306 -0.013991
0.335912 -0.0903597 -0.0141548
0.335902 -0.0904055 -0.0143093
0.335885 -0.0904604 -0.0144761
0.335871 -0.0905134 -0.014651
0.335858 -0.090572 -0.0147967
0.335845 -0.0906245 -0.0149669
0.33583 -0.0906724 -0.0151333
0.335816 -0.0907383 -0.0152927
0.3358 -0.0907868 -0.0154573
0.335787 -0.0908472 -0.0156176
0.335772 -0.0909037 -0.0157861
0.335756 -0.0909645 -0.0159488
0.335741 -0.0910198 -0.0161173
0.335727 -0.0910799 -0.0162717
0.335709 -0.0911451 -0.0164376
0.335697 -0.091191 -0.0166064
0.335678 -0.0912676 -0.0167693
0.335664 -0.0913237 -0.0169308
0.335647 -0.0913801 -0.0171006
0.335629 -0.0914516 -0.0172618
0.335615 -0.0915096 -0.017428
0.335597 -0.0915773 -0.0175899
0.335582 -0.0916383 -0.0177555
0.335563 -0.0917038 -0.0179247
0.335546 -0.0917702 -0.0180855
0.335529 -0.0918395 -0.0182552
0.33551 -0.0919049 -0.0184159
0.335496 -0.0919695 -0.0185841
0.335476 -0.0920415 -0.0187431
0.33546 -0.0921015 -0.0189179
0.335438 -0.0921837 -0.0190768
0.335422 -0.0922465 -0.0192459
0.335403 -0.0923232 -0.0194142
0.335384 -0.0923838 -0.0195785
0.335366 -0.0924661 -0.0197439
0.335347 -0.0925305 -0.0199083
0.335327 -0.0926074 -0.0200762
0.335307 -0.0926836 -0.0202422
0.335289 -0.0927505 -0.0204133
0.335268 -0.0928307 -0.0205781
0.335248 -0.0929033 -0.0207427
0.335228 -0.0929822 -0.0209142
0.335209 -0.0930565 -0.0210803
0.335189 -0.0931322 -0.0212401
0.335168 -0.0932114 -0.0214127
0.335146 -0.0932894 -0.0215797
0.335123 -0.0933782 -0.0217518
0.335107 -0.0934407 -0.0219165
0.335084 -0.0935326 -0.0220872
0.335061 -0.0936115 -0.022248
0.33504 -0.0936848 -0.0224241
0.335018 -0.0937783 -0.0225926
0.334996 -0.0938547 -0.022754
0.334976 -0.0939334 -0.0229299
0.33495 -0.0940241 -0.0230965
0.334928 -0.0941133 -0.0232663
0.334906 -0.0941917 -0.0234316
0.334884 -0.0942788 -0.023601
0.334861 -0.0943642 -0.0237738
0.334836 -0.0944542 -0.0239477
0.334814 -0.0945374 -0.0241102
0.33479 -0.0946261 -0.0242823
0.334764 -0.0947158 -0.0244526
0.334742 -0.0948031 -0.024618
0.334718 -0.0948967 -0.0247947
0.334691 -0.094988 -0.02496
0.334669 -0.0950752 -0.0251353
0.334644 -0.0951627 -0.0253044
0.334618 -0.0952671 -0.0254739
0.334592 -0.0953524 -0.0256438
0.334567 -0.0954498 -0.0258192
0.334542 -0.0955412 -0.0259887
0.334517 -0.0956357 -0.0261606
0.334489 -0.0957351 -0.0263281
0.334465 -0.0958251 -0.0265033
0.334438 -0.095928 -0.0266778
0.334412 -0.0960177 -0.0268492
0.334383 -0.0961237 -0.0270184
0.334357 -0.0962219 -0.0271909
0.334331 -0.0963151 -0.0273648
0.334303 -0.0964163 -0.0275344
0.334276 -0.0965194 -0.0277155
0.334247 -0.0966199 -0.0278865
0.334219 -0.0967174 -0.0280569
0.334191 -0.0968231 -0.0282273
0.334162 -0.0969272 -0.0284079
0.334135 -0.0970281 -0.028577
0.334105 -0.0971353 -0.0287515
0.334077 -0.0972337 -0.0289262
0.334048 -0.0973468 -0.0290977
0.334018 -0.0974483 -0.0292801
0.333987 -0.0975559 -0.0294504
0.333959 -0.0976647 -0.0296215
0.333928 -0.0977744 -0.0298023
0.3339 -0.0978723 -0.0299736
0.333867 -0.0979907 -0.0301536
0.333837 -0.0981043 -0.0303191
0.333806 -0.0982077 -0.0305057
0.333777 -0.0983151 -0.0306799
0.333743 -0.0984343 -0.0308517
0.333713 -0.0985431 -0.0310271
0.33368 -0.0986595 -0.0312085
0.333649 -0.0987662 -0.0313837
0.333618 -0.0988858 -0.031557
0.333584 -0.0989985 -0.0317415
0.333552 -0.0991156 -0.0319101
0.333518 -0.0992334 -0.0320913
0.333486 -0.0993428 -0.032271
0.333452 -0.0994665 -0.0324478
0.33342 -0.0995826 -0.0326218
0.333385 -0.0996989 -0.0328042
0.333352 -0.0998207 -0.0329815
0.333317 -0.0999411 -0.0331594
0.333283 -0.100058 -0.0333374
0.333248 -0.100178 -0.0335188
0.333213 -0.100307 -0.0336934
0.33318 -0.10042 -0.0338811
0.333143 -0.100552 -0.0340539
0.333106 -0.100673 -0.0342385
0.333073 -0.100792 -0.0344124
0.333037 -0.10092 -0.0345919
0.332999 -0.10105 -0.0347811
0.332963 -0.10117 -0.0349564
0.332926 -0.101301 -0.0351391
0.33289 -0.10143 -0.0353152
0.332853 -0.101553 -0.0354928
0.332815 -0.101684 -0.0356846
0.332777 -0.101814 -0.0358638
0.33274 -0.101941 -0.0360438
0.332701 -0.102073 -0.0362271
0.332663 -0.102205 -0.0364056
0.332626 -0.102341 -0.0365927
0.332586 -0.102464 -0.0367734
0.332549 -0.102596 -0.0369554
0.332506 -0.102742 -0.0371441
0.332468 -0.102874 -0.0373227
0.332428 -0.103006 -0.0375012
0.332388 -0.103142 -0.037688
0.332348 -0.103278 -0.0378752
0.332308 -0.103415 -0.0380614
0.332265 -0.103557 -0.0382429
0.332227 -0.103688 -0.0384237
0.332184 -0.103834 -0.0386138
0.332144 -0.103968 -0.038797
0.3321 -0.104113 -0.0389837
0.33206 -0.104247 -0.0391696
0.332015 -0.104398 -0.0393552
0.331976 -0.104535 -0.0395366
0.331931 -0.10468 -0.0397278
0.331887 -0.104822 -0.0399103
0.331845 -0.104967 -0.040103
0.331801 -0.10511 -0.0402828
0.331759 -0.105257 -0.0404723
0.331711 -0.105403 -0.0406685
0.331671 -0.105547 -0.0408455
0.331626 -0.105697 -0.0410316
0.331578 -0.105848 -0.041228
0.331535 -0.105996 -0.0414086
0.331486 -0.106144 -0.0416095
0.331445 -0.106292 -0.0417846
0.331397 -0.106444 -0.0419831
0.331351 -0.106597 -0.0421684
0.331305 -0.106749 -0.0423563
0.331256 -0.106902 -0.0425465
0.331211 -0.107051 -0.0427374
0.331163 -0.107213 -0.0429274
0.331114 -0.107362 -0.0431218
0.331068 -0.107517 -0.0433042
0.331019 -0.107676 -0.0435052
0.330971 -0.10783 -0.0436921
0.330923 -0.107986 -0.043883
0.330872 -0.108152 -0.0440742
0.330821 -0.108313 -0.0442649
0.330777 -0.10846 -0.0444601
0.330724 -0.108625 -0.044652
0.330673 -0.108782 -0.0448474
0.330623 -0.108953 -0.0450342
0.330571 -0.10911 -0.0452318
0.330523 -0.109269 -0.0454275
0.33047 -0.109437 -0.0456107
0.330416 -0.109603 -0.0458191
0.330368 -0.109763 -0.0460031
0.330313 -0.109929 -0.0462015
0.330263 -0.110093 -0.0464035
0.330208 -0.110264 -0.0465872
0.330155 -0.110431 -0.0467857
0.3301 -0.110601 -0.0469845
0.330049 -0.110766 -0.0471784
0.329994 -0.110937 -0.0473714
0.329939 -0.111111 -0.047573
0.329885 -0.111274 -0.0477685
0.329832 -0.111446 -0.0479617
0.329775 -0.11162 -0.0481614
0.329717 -0.111799 -0.0483593
0.329662 -0.111967 -0.048559
0.329608 -0.112141 -0.048754
0.32955 -0.112314 -0.0489579
0.329492 -0.112495 -0.0491508
0.329437 -0.112667 -0.0493501
0.329377 -0.112848 -0.049551
0.329321 -0.11302 -0.049748
0.329261 -0.113205 -0.0499546
0.329204 -0.113383 -0.0501455
0.329144 -0.11356 -0.0503541
0.329088 -0.113735 -0.0505482
0.329026 -0.113924 -0.0507494
0.328964 -0.114105 -0.0509562
0.328907 -0.114285 -0.0511593
0.328847 -0.114465 -0.0513476
0.328784 -0.114659 -0.0515584
0.328725 -0.114835 -0.051757
0.32866 -0.115022 -0.0519705
0.328601 -0.115209 -0.0521636
0.328538 -0.115394 -0.0523665
0.328475 -0.115584 -0.0525735
0.328413 -0.115769 -0.0527784
0.328351 -0.115958 -0.0529768
0.328284 -0.116149 -0.0531839
0.328224 -0.116334 -0.0533868
0.328156 -0.116529 -0.0535997
0.328092 -0.116725 -0.0538008
0.328031 -0.116904 -0.0540019
0.327962 -0.117105 -0.0542127
0.327897 -0.117299 -0.0544201
0.327831 -0.117493 -0.0546216
0.327765 -0.117688 -0.0548271
0.327698 -0.117884 -0.0550372
0.327631 -0.118076 -0.0552455
0.327566 -0.118273 -0.0554484
0.327492 -0.118483 -0.055659
0.327429 -0.118664 -0.0558735
0.32736 -0.118869 -0.0560717
0.327289 -0.11907 -0.0562892
0.327221 -0.119274 -0.0564923
0.327148 -0.119474 -0.0567029
0.327083 -0.119671 -0.0569126
0.327012 -0.119872 -0.0571233
0.326939 -0.120081 -0.0573344
0.326868 -0.120284 -0.0575495
0.326798 -0.120487 -0.0577512
0.326724 -0.120691 -0.0579676
0.326654 -0.120897 -0.0581778
0.326578 -0.12111 -0.0583935
0.326507 -0.121311 -0.0586035
0.326434 -0.121523 -0.0588075
0.326358 -0.121729 -0.0590365
0.326286 -0.121941 -0.0592415
0.326209 -0.12215 -0.0594537
0.326135 -0.122366 -0.0596676
0.326059 -0.122572 -0.0598837
0.325985 -0.122778 -0.0601009
0.325907 -0.123002 -0.0603113
0.325831 -0.123214 -0.0605257
0.32575 -0.123431 -0.0607454
0.325678 -0.123638 -0.0609599
0.325597 -0.123858 -0.0611767
0.32552 -0.124073 -0.0613879
0.325442 -0.124289 -0.0616105
0.325362 -0.12451 -0.0618233
0.325281 -0.124731 -0.0620412
0.325204 -0.124947 -0.0622576
0.32512 -0.12517 -0.0624841
0.325041 -0.125389 -0.0626935
0.324959 -0.125612 -0.0629127
0.324877 -0.125831 -0.0631369
0.324795 -0.126058 -0.0633576
0.324713 -0.12628 -0.0635714
0.324631 -0.126503 -0.0637962
0.324545 -0.126733 -0.0640139
0.324463 -0.126954 -0.0642395
0.324379 -0.127181 -0.0644523
0.324291 -0.127416 -0.0646766
0.324209 -0.127638 -0.0649034
0.324123 -0.127868 -0.0651169
0.324035 -0.128096 -0.0653475
0.32395 -0.128328 -0.0655675
0.323863 -0.128559 -0.0657841
0.323778 -0.128784 -0.0660196
0.323685 -0.129026 -0.0662359
0.323601 -0.129253 -0.0664623
0.323509 -0.129491 -0.0666832
0.323423 -0.129721 -0.0669083
0.323329 -0.129965 -0.0671395
0.32324 -0.130191 -0.0673649
0.323152 -0.130432 -0.0675829
0.323061 -0.130669 -0.067813
0.322967 -0.130909 -0.0680425
0.322875 -0.131147 -0.0682639
0.322783 -0.131389 -0.068493
0.32269 -0.131626 -0.0687255
0.322596 -0.13187 -0.068948
0.322503 -0.132109 -0.0691775
0.322409 -0.132352 -0.0694073
0.322312 -0.132598 -0.0696318
0.322218 -0.132839 -0.0698683
0.32212 -0.133088 -0.070094
0.322027 -0.133329 -0.0703251
0.321927 -0.133577 -0.070559
0.321831 -0.133825 -0.0707849
0.32173 -0.134073 -0.0710205
0.321636 -0.13432 -0.0712465
0.321535 -0.134573 -0.0714805
0.321438 -0.134814 -0.0717152
0.321334 -0.135076 -0.0719451
0.321236 -0.135321 -0.0721756
0.321136 -0.13557 -0.0724135
0.321035 -0.135826 -0.0726445
0.32093 -0.136083 -0.0728754
0.32083 -0.136333 -0.0731168
0.320723 -0.136593 -0.0733486
0.320623 -0.136843 -0.0735855
0.320519 -0.137099 -0.0738182
0.320413 -0.13736 -0.0740578
0.320308 -0.137619 -0.0742898
0.320199 -0.137881 -0.0745328
0.320098 -0.138132 -0.0747631
0.31999 -0.138392 -0.0749997
0.319883 -0.138658 -0.0752383
0.319775 -0.138915 -0.0754818
0.319665 -0.139186 -0.0757141
0.319559 -0.139441 -0.0759564
0.319446 -0.139708 -0.0761975
0.319337 -0.139976 -0.0764303
0.319228 -0.140236 -0.0766783
0.319115 -0.140505 -0.0769174
0.319005 -0.140772 -0.0771496
0.318892 -0.141039 -0.0773987
0.31878 -0.141307 -0.0776373
0.318666 -0.141578 -0.0778759
0.31855 -0.14185 -0.0781249
0.31844 -0.142113 -0.0783603
0.318322 -0.142389 -0.0786083
0.318204 -0.142661 -0.0788495
0.318094 -0.142929 -0.0790923
0.31797 -0.143214 -0.0793383
0.317857 -0.143478 -0.0795832
0.31774 -0.143751 -0.0798264
0.31762 -0.144033 -0.0800696
0.317497 -0.14431 -0.0803249
0.317381 -0.144587 -0.080559
0.317262 -0.144858 -0.080812
0.317139 -0.145145 -0.0810531
0.317016 -0.145423 -0.0813068
0.316895 -0.145701 -0.0815528
0.316773 -0.145983 -0.081799
0.316647 -0.146269 -0.0820451
0.316526 -0.146543 -0.0822977
0.316399 -0.146833 -0.0825455
0.316278 -0.14711 -0.0827966
0.316148 -0.147401 -0.0830396
0.316022 -0.147686 -0.0832933
0.315897 -0.147971 -0.0835414
0.315767 -0.148259 -0.0837994
0.315639 -0.148543 -0.0840481
0.31551 -0.148837 -0.0842976
0.315381 -0.149121 -0.0845474
0.315251 -0.149414 -0.0848065
0.315118 -0.149702 -0.0850561
0.314987 -0.149998 -0.0853094
0.314857 -0.150285 -0.0855609
0.314721 -0.150582 -0.0858171
0.314589 -0.150875 -0.0860764
0.314455 -0.15117 -0.0863228
0.314322 -0.151456 -0.0865825
0.314183 -0.151764 -0.0868361
0.31405 -0.152051 -0.0870961
0.313911 -0.152358 -0.0873475
0.313776 -0.152646 -0.0876047
0.313635 -0.152954 -0.0878564
0.313497 -0.153251 -0.0881228
0.313357 -0.15355 -0.0883838
0.313218 -0.153852 -0.0886315
0.313078 -0.154148 -0.0888955
0.312937 -0.154453 -0.0891532
0.312791 -0.154763 -0.0894207
0.31265 -0.155064 -0.0896708
0.312505 -0.155369 -0.0899299
0.312363 -0.155672 -0.0901932
0.312216 -0.155978 -0.0904547
0.31207 -0.156292 -0.090723
0.311924 -0.156593 -0.0909776
0.311778 -0.156901 -0.0912371
0.311629 -0.157213 -0.0915028
0.311479 -0.157522 -0.091767
0.311331 -0.157835 -0.0920336
0.311182 -0.158144 -0.0922946
0.311029 -0.158457 -0.0925566
0.31088 -0.158773 -0.0928211
0.310723 -0.159086 -0.0930861
0.310575 -0.159393 -0.0933555
0.31042 -0.159715 -0.0936168
0.310265 -0.160028 -0.0938867
0.310112 -0.160342 -0.0941504
0.309952 -0.160667 -0.0944189
0.309797 -0.160982 -0.094684
0.309639 -0.161302 -0.0949542
0.309484 -0.161618 -0.0952196
0.309321 -0.161941 -0.0954847
0.309166 -0.162255 -0.0957633
0.309 -0.162589 -0.096031
0.308842 -0.162905 -0.0962949
0.308679 -0.16323 -0.0965653
0.308516 -0.163551 -0.096839
0.308351 -0.16388 -0.0971149
0.308188 -0.164203 -0.0973805
0.308024 -0.164532 -0.0976532
0.307858 -0.164852 -0.0979268
0.307688 -0.16519 -0.0981921
0.307525 -0.165505 -0.0984672
0.307352 -0.165848 -0.0987478
0.307186 -0.166169 -0.0990135
0.307014 -0.166506 -0.0992869
0.306845 -0.166832 -0.0995685
0.306671 -0.16717 -0.0998381
0.306501 -0.167496 -0.100116
0.306328 -0.167835 -0.100387
0.306155 -0.168167 -0.100666
0.305977 -0.168499 -0.100949
0.305801 -0.168839 -0.101219
0.305628 -0.169174 -0.101497
0.305448 -0.169511 -0.101776
0.305271 -0.169853 -0.102047
0.305091 -0.170189 -0.102332
0.304914 -0.170522 -0.102612
0.304729 -0.170871 -0.102885
0.30455 -0.171208 -0.103168
0.304368 -0.171547 -0.103453
0.304182 -0.171895 -0.103729
0.304 -0.172234 -0.104006
0.303812 -0.172583 -0.104289
0.30363 -0.172917 -0.104575
0.30344 -0.173273 -0.104856
0.303256 -0.173612 -0.105133
0.303063 -0.173967 -0.10542
0.302877 -0.174304 -0.105705
0.302687 -0.174655 -0.105985
0.302495 -0.175007 -0.106267
0.302301 -0.175355 -0.106556
0.302111 -0.175704 -0.106835
0.301914 -0.176056 -0.107124
0.301723 -0.176405 -0.107404
0.301524 -0.176761 -0.107696
0.301328 -0.177113 -0.107983
0.301131 -0.177464 -0.108264
0.300933 -0.177821 -0.108561
0.300732 -0.178178 -0.108836
0.300533 -0.178531 -0.109128
0.300332 -0.178887 -0.109418
0.300131 -0.179241 -0.109706
0.299927 -0.179605 -0.109994
0.299719 -0.179967 -0.110285
0.299519 -0.180317 -0.110568
0.299312 -0.180683 -0.110862
0.299105 -0.181044 -0.111153
0.298896 -0.181401 -0.111447
0.298689 -0.181764 -0.111735
0.29848 -0.182126 -0.112023
0.298267 -0.182491 -0.112321
0.298056 -0.182855 -0.112612
0.297843 -0.183223 -0.112902
0.297629 -0.183587 -0.113196
0.297414 -0.183953 -0.113491
0.297199 -0.184317 -0.113786
0.296983 -0.184687 -0.114073
0.296767 -0.185053 -0.114371
0.296544 -0.185426 -0.114671
0.296329 -0.185793 -0.114964
0.296105 -0.186166 -0.115255
0.295885 -0.186534 -0.115557
0.295666 -0.1869 -0.115846
0.295437 -0.187281 -0.116147
0.295214 -0.187652 -0.116446
0.294989 -0.188026 -0.116741
0.294762 -0.188396 -0.117043
0.294536 -0.188776 -0.117333
0.294303 -0.189151 -0.117637
0.294078 -0.189523 -0.117936
0.293844 -0.189902 -0.118235
0.293613 -0.190285 -0.11853
0.293381 -0.190656 -0.118833
0.293144 -0.191042 -0.119139
0.292911 -0.19142 -0.119435
0.292676 -0.191797 -0.119735
0.29244 -0.192178 -0.12004
0.292201 -0.192556 -0.120338
0.29196 -0.192947 -0.12064
0.291719 -0.193327 -0.120945
0.291478 -0.193711 -0.121249
0.291239 -0.194091 -0.121545
0.290993 -0.194475 -0.121859
0.290748 -0.194866 -0.122154
0.290503 -0.195249 -0.12246
0.290254 -0.195644 -0.122771
0.290011 -0.196018 -0.123068
0.289758 -0.19641 -0.123376
0.289508 -0.196804 -0.123682
0.289255 -0.197188 -0.12399
0.289007 -0.197578 -0.124295
0.288754 -0.197966 -0.124599
0.288496 -0.198361 -0.124907
0.288239 -0.198756 -0.125216
0.287984 -0.199143 -0.125527
0.287725 -0.199538 -0.125831
0.287467 -0.199932 -0.126138
0.287205 -0.200326 -0.126451
0.286946 -0.20072 -0.126759
0.286685 -0.20111 -0.127061
0.286417 -0.201516 -0.127372
0.286153 -0.201908 -0.127688
0.285886 -0.202305 -0.127998
0.285621 -0.202698 -0.128305
0.285349 -0.203104 -0.128619
0.285083 -0.203499 -0.128931
0.284809 -0.203903 -0.129238
0.284541 -0.204295 -0.129553
0.284264 -0.204706 -0.129861
0.283992 -0.205101 -0.13018
0.283718 -0.205498 -0.13049
0.283437 -0.205909 -0.1308
0.28316 -0.206311 -0.131119
0.282883 -0.206708 -0.13143
0.282601 -0.207118 -0.131745
0.28232 -0.20752 -0.132065
0.282036 -0.207927 -0.132368
0.281755 -0.208329 -0.132684
0.281466 -0.208742 -0.133004
0.281182 -0.209142 -0.13332
0.280891 -0.209553 -0.133638
0.280606 -0.209956 -0.133949
0.280314 -0.210375 -0.134264
0.280018 -0.210782 -0.134588
0.279731 -0.21118 -0.134902
0.279434 -0.2116 -0.135219
0.27914 -0.21201 -0.135532
0.278841 -0.212423 -0.135858
0.278546 -0.212831 -0.136169
0.278246 -0.213246 -0.136492
0.277947 -0.213656 -0.136805
0.277644 -0.214068 -0.137133
0.277342 -0.214484 -0.137445
0.277038 -0.214899 -0.137764
0.276732 -0.215309 -0.138091
0.276424 -0.215732 -0.138401
0.276114 -0.216143 -0.138732
0.275808 -0.216561 -0.139045
0.275497 -0.216977 -0.139373
0.275184 -0.217393 -0.13969
0.274872 -0.217813 -0.14001
0.274555 -0.218233 -0.140331
0.274242 -0.218647 -0.14065
0.27392 -0.219072 -0.14098
0.273603 -0.219488 -0.141298
0.273287 -0.219905 -0.141619
0.272961 -0.220329 -0.141946
0.272638 -0.220753 -0.142267
0.272317 -0.221169 -0.142592
0.271989 -0.2216 -0.142913
0.271665 -0.222011 -0.143238
0.271334 -0.22244 -0.143562
0.271008 -0.222862 -0.143885
0.270674 -0.223288 -0.14421
0.270343 -0.223712 -0.144534
0.270009 -0.224134 -0.144861
0.269673 -0.224562 -0.145185
0.269335 -0.224992 -0.145508
0.269004 -0.225404 -0.145839
0.268659 -0.225843 -0.146162
0.268323 -0.226261 -0.146483
0.267976 -0.226697 -0.146812
0.267636 -0.227117 -0.147141
0.267293 -0.227545 -0.147465
0.26694 -0.227981 -0.147794
0.266594 -0.228406 -0.148122
0.266251 -0.228828 -0.148447
0.265896 -0.229269 -0.148774
0.265546 -0.229693 -0.149095
0.265191 -0.230125 -0.149435
0.264835 -0.230556 -0.149759
0.264482 -0.230988 -0.15008
0.264121 -0.231422 -0.150413
0.263764 -0.231844 -0.15075
0.263404 -0.232283 -0.151067
0.26304 -0.232714 -0.151402
0.262678 -0.233146 -0.151728
0.262314 -0.233575 -0.152056
0.261946 -0.234018 -0.152384
0.261578 -0.23445 -0.152719
0.261209 -0.23488 -0.153046
0.260837 -0.23532 -0.153371
0.260467 -0.235746 -0.153708
0.260093 -0.236183 -0.154034
0.259713 -0.236629 -0.154366
0.259339 -0.237055 -0.154698
0.258963 -0.237491 -0.155022
0.25858 -0.237935 -0.155357
0.258202 -0.238363 -0.155684
0.257819 -0.2388 -0.15602
0.257433 -0.239244 -0.156345
0.257046 -0.239678 -0.156678
0.256662 -0.240113 -0.157011
0.256272 -0.24055 -0.157347
0.25588 -0.240995 -0.15767
0.25549 -0.24143 -0.158
0.255095 -0.241869 -0.158338
0.254701 -0.242305 -0.158669
0.254303 -0.242753 -0.158992
0.253907 -0.243182 -0.159333
0.253507 -0.243628 -0.159658
0.253105 -0.244064 -0.16
0.252703 -0.244509 -0.160322
0.252297 -0.244946 -0.16066
0.251893 -0.24539 -0.160982
0.251486 -0.245825 -0.161326
0.251075 -0.246268 -0.161657
0.250663 -0.246715 -0.161982
0.250254 -0.247148 -0.162322
0.249841 -0.247595 -0.162648
0.249423 -0.248036 -0.162982
0.249007 -0.248473 -0.163319
0.248587 -0.24892 -0.163647
0.24817 -0.249361 -0.16398
0.247749 -0.249799 -0.164316
0.247322 -0.250248 -0.164645
0.246899 -0.25069 -0.164978
0.246474 -0.251126 -0.165314
0.246043 -0.251577 -0.165642
0.245615 -0.252016 -0.165978
0.245184 -0.252459 -0.166307
0.244746 -0.252908 -0.166647
0.24432 -0.253341 -0.166969
0.243879 -0.253788 -0.167309
0.243441 -0.254237 -0.16764
0.243002 -0.254672 -0.167976
0.242565 -0.255117 -0.168301
0.242116 -0.255568 -0.168641
0.241674 -0.256009 -0.168969
0.241228 -0.256452 -0.169301
0.240782 -0.256892 -0.169636
0.240329 -0.257343 -0.16997
0.239882 -0.25778 -0.1703
0.239427 -0.25823 -0.170631
0.238972 -0.25867 -0.170967
0.238517 -0.259117 -0.171295
0.23806 -0.25956 -0.171631
0.237602 -0.260001 -0.171962
0.237136 -0.26045 -0.172298
0.236678 -0.260895 -0.172619
0.236215 -0.261331 -0.172958
0.235745 -0.261781 -0.173292
0.235278 -0.262226 -0.173621
0.234811 -0.262666 -0.173951
0.234337 -0.263113 -0.174287
0.233867 -0.263554 -0.174616
0.233391 -0.264001 -0.174945
0.232915 -0.264441 -0.175284
0.23244 -0.264886 -0.175606
0.231958 -0.265331 -0.175939
0.231476 -0.265777 -0.176274
0.230994 -0.266219 -0.1766
0.230509 -0.266659 -0.176935
0.230024 -0.267106 -0.177262
0.229535 -0.267546 -0.177596
0.229047 -0.26799 -0.17792
0.228552 -0.268435 -0.178258
0.228061 -0.268879 -0.178581
0.227566 -0.269319 -0.178913
0.22707 -0.26976 -0.179246
0.22657 -0.270205 -0.179571
0.22607 -0.270647 -0.179901
0.225571 -0.271085 -0.180231
0.225065 -0.271531 -0.180558
0.224561 -0.271973 -0.180885
0.224052 -0.272416 -0.181216
0.223545 -0.272851 -0.181547
0.223035 -0.273295 -0.181871
0.222522 -0.273738 -0.182197
0.222006 -0.274176 -0.182532
0.221491 -0.27462 -0.182854
0.220975 -0.275061 -0.183181
0.220457 -0.275495 -0.183509
0.219934 -0.275937 -0.183835
0.219412 -0.276378 -0.184161
0.218887 -0.276818 -0.184486
0.21836 -0.277254 -0.184816
0.217832 -0.277693 -0.185139
0.217305 -0.278133 -0.185461
0.216773 -0.27857 -0.18579
0.216238 -0.279006 -0.186114
0.215704 -0.279446 -0.186438
0.215163 -0.279885 -0.186768
0.21463 -0.280317 -0.187086
0.214088 -0.280758 -0.187411
0.213548 -0.28119 -0.187728
0.213 -0.281631 -0.188058
0.212457 -0.28206 -0.188381
0.211907 -0.282499 -0.188703
0.211359 -0.282933 -0.189023
0.210809 -0.283369 -0.189344
0.210256 -0.283799 -0.189666
0.209701 -0.284235 -0.189985
0.209146 -0.28467 -0.190309
0.208585 -0.285098 -0.190632
0.208027 -0.285534 -0.190944
0.207466 -0.285963 -0.19127
0.2069 -0.286397 -0.191588
0.206337 -0.286828 -0.191903
0.205771 -0.287257 -0.19222
0.205199 -0.287686 -0.192546
0.204629 -0.288118 -0.19286
0.204061 -0.288542 -0.193173
