0 -11 2.52237e-05 -5.93673e-07 1 0 0 0
0.01 -10.9998 -0.000474819 9.94272e-05 0.707223 0.00153191 0.000825228 -0.706988
0.02 -10.9996 -0.000974862 0.000199448 0.707337 0.00306351 0.00165101 -0.706868
0.03 -10.9994 -0.0014749 0.000299469 0.707448 0.00459479 0.00247733 -0.706746
0.04 -10.9992 -0.00197495 0.00039949 0.707556 0.00612576 0.00330417 -0.706623
0.05 -10.999 -0.00247499 0.00049951 0.707661 0.00765643 0.00413153 -0.706498
0.06 -10.9988 -0.00297503 0.000599531 0.707764 0.00918674 0.00495945 -0.706372
0.07 -10.9986 -0.00347507 0.000699552 0.707863 0.0107167 0.00578786 -0.706244
0.08 -10.9984 -0.00397512 0.000799573 0.70796 0.0122464 0.00661678 -0.706115
0.09 -10.9982 -0.00447516 0.000899594 0.708054 0.0137757 0.00744625 -0.705984
0.1 -10.998 -0.0049752 0.000999615 0.708146 0.0153047 0.00827621 -0.705852
0.11 -10.9978 -0.00547525 0.00109964 0.708234 0.0168334 0.00910664 -0.705718
0.12 -10.9976 -0.00597529 0.00119966 0.70832 0.0183616 0.00993763 -0.705582
0.13 -10.9974 -0.00647533 0.00129968 0.708403 0.0198896 0.0107691 -0.705445
0.14 -10.9972 -0.00697537 0.0013997 0.708484 0.0214172 0.011601 -0.705307
0.15 -10.997 -0.00747542 0.00149972 0.708561 0.0229444 0.0124335 -0.705167
0.16 -10.9968 -0.00797546 0.00159974 0.708636 0.0244712 0.0132664 -0.705025
0.17 -10.9966 -0.0084755 0.00169976 0.708708 0.0259977 0.0140998 -0.704882
0.18 -10.9964 -0.00897554 0.00179978 0.708777 0.0275238 0.0149337 -0.704737
0.19 -10.9962 -0.00947559 0.0018998 0.708843 0.0290496 0.015768 -0.704591
0.2 -10.996 -0.00997563 0.00199982 0.708907 0.0305749 0.0166028 -0.704443
0.21 -10.9958 -0.0104757 0.00209984 0.708968 0.0320999 0.0174381 -0.704294
0.22 -10.9956 -0.0109757 0.00219986 0.709026 0.0336244 0.0182738 -0.704143
0.23 -10.9954 -0.0114758 0.00229989 0.709082 0.0351486 0.01911 -0.703991
0.24 -10.9952 -0.0119758 0.00239991 0.709134 0.0366724 0.0199466 -0.703837
0.25 -10.995 -0.0124758 0.00249993 0.709184 0.0381958 0.0207837 -0.703681
0.26 -10.9948 -0.0129759 0.00259995 0.709231 0.0397188 0.0216212 -0.703524
0.27 -10.9946 -0.0134759 0.00269997 0.709275 0.0412414 0.0224592 -0.703366
0.28 -10.9944 -0.013976 0.00279999 0.709317 0.0427636 0.0232975 -0.703205
0.29 -10.9942 -0.014476 0.00290001 0.709356 0.0442853 0.0241364 -0.703044
0.3 -10.994 -0.0149761 0.00300003 0.709392 0.0458066 0.0249756 -0.702881
0.31 -10.9938 -0.0154761 0.00310005 0.709425 0.0473275 0.0258153 -0.702716
0.32 -10.9936 -0.0159761 0.00320007 0.709456 0.048848 0.0266553 -0.702549
0.33 -10.9934 -0.0164762 0.00330009 0.709484 0.050368 0.0274958 -0.702382
0.34 -10.9932 -0.0169762 0.00340011 0.709509 0.0518876 0.0283367 -0.702212
0.35 -10.993 -0.0174763 0.00350014 0.709531 0.0534068 0.029178 -0.702041
0.36 -10.9928 -0.0179763 0.00360016 0.709551 0.0549255 0.0300197 -0.701869
0.37 -10.9926 -0.0184764 0.00370018 0.709568 0.0564438 0.0308618 -0.701695
0.38 -10.9924 -0.0189764 0.0038002 0.709582 0.0579616 0.0317042 -0.701519
0.39 -10.9922 -0.0194764 0.00390022 0.709593 0.059479 0.0325471 -0.701342
0.4 -10.992 -0.0199765 0.00400024 0.709602 0.0609959 0.0333903 -0.701163
0.41 -10.9918 -0.0204765 0.00410026 0.709608 0.0625124 0.034234 -0.700983
0.42 -10.9916 -0.0209766 0.00420028 0.709611 0.0640284 0.0350779 -0.700801
0.43 -10.9914 -0.0214766 0.0043003 0.709611 0.0655438 0.0359223 -0.700618
0.44 -10.9912 -0.0219767 0.00440032 0.709609 0.0670589 0.036767 -0.700433
0.45 -10.991 -0.0224767 0.00450034 0.709604 0.0685734 0.0376121 -0.700247
0.46 -10.9908 -0.0229767 0.00460036 0.709596 0.0700875 0.0384575 -0.700059
0.47 -10.9906 -0.0234768 0.00470039 0.709586 0.0716011 0.0393033 -0.699869
0.48 -10.9904 -0.0239768 0.00480041 0.709572 0.0731142 0.0401495 -0.699678
0.49 -10.9902 -0.0244769 0.00490043 0.709556 0.0746268 0.040996 -0.699485
0.5 -10.99 -0.0249769 0.00500045 0.709538 0.0761389 0.0418428 -0.699291
0.51 -10.9898 -0.0254769 0.00510047 0.709516 0.0776506 0.0426899 -0.699096
0.52 -10.9896 -0.025977 0.00520049 0.709492 0.0791617 0.0435374 -0.698898
0.53 -10.9894 -0.026477 0.00530051 0.709465 0.0806723 0.0443852 -0.698699
0.54 -10.9892 -0.0269771 0.00540053 0.709436 0.0821824 0.0452333 -0.698499
0.55 -10.989 -0.0274771 0.00550055 0.709403 0.0836919 0.0460818 -0.698297
0.56 -10.9888 -0.0279772 0.00560057 0.709368 0.085201 0.0469305 -0.698094
0.57 -10.9886 -0.0284772 0.00570059 0.709331 0.0867095 0.0477796 -0.697889
0.58 -10.9884 -0.0289772 0.00580061 0.70929 0.0882175 0.048629 -0.697682
0.59 -10.9882 -0.0294773 0.00590064 0.709247 0.089725 0.0494787 -0.697474
0.6 -10.988 -0.0299773 0.00600066 0.709201 0.0912319 0.0503287 -0.697264
0.61 -10.9878 -0.0304774 0.00610068 0.709153 0.0927383 0.0511789 -0.697053
0.62 -10.9876 -0.0309774 0.0062007 0.709101 0.0942442 0.0520295 -0.69684
0.63 -10.9874 -0.0314775 0.00630072 0.709047 0.0957495 0.0528803 -0.696626
0.64 -10.9872 -0.0319775 0.00640074 0.708991 0.0972543 0.0537314 -0.69641
0.65 -10.987 -0.0324775 0.00650076 0.708931 0.0987585 0.0545828 -0.696192
0.66 -10.9868 -0.0329776 0.00660078 0.708869 0.100262 0.0554345 -0.695973
0.67 -10.9866 -0.0334776 0.0067008 0.708804 0.101765 0.0562865 -0.695753
0.68 -10.9864 -0.0339777 0.00680082 0.708737 0.103268 0.0571386 -0.695531
0.69 -10.9862 -0.0344777 0.00690084 0.708667 0.10477 0.0579911 -0.695307
0.7 -10.986 -0.0349778 0.00700086 0.708594 0.106271 0.0588438 -0.695082
0.71 -10.9858 -0.0354778 0.00710088 0.708518 0.107772 0.0596968 -0.694855
0.72 -10.9856 -0.0359778 0.00720091 0.70844 0.109272 0.06055 -0.694627
0.73 -10.9854 -0.0364779 0.00730093 0.708359 0.110772 0.0614034 -0.694397
0.74 -10.9852 -0.0369779 0.00740095 0.708275 0.112271 0.0622571 -0.694166
0.75 -10.985 -0.037478 0.00750097 0.708189 0.113769 0.063111 -0.693933
0.76 -10.9848 -0.037978 0.00760099 0.708099 0.115267 0.0639652 -0.693698
0.77 -10.9846 -0.0384781 0.00770101 0.708008 0.116765 0.0648195 -0.693462
0.78 -10.9844 -0.0389781 0.00780103 0.707913 0.118261 0.0656741 -0.693224
0.79 -10.9842 -0.0394781 0.00790105 0.707816 0.119757 0.0665289 -0.692985
0.8 -10.984 -0.0399782 0.00800107 0.707716 0.121253 0.067384 -0.692744
0.81 -10.9838 -0.0404782 0.00810109 0.707614 0.122748 0.0682392 -0.692502
0.82 -10.9836 -0.0409783 0.00820111 0.707508 0.124242 0.0690946 -0.692258
0.83 -10.9834 -0.0414783 0.00830113 0.7074 0.125736 0.0699503 -0.692013
0.84 -10.9832 -0.0419784 0.00840116 0.70729 0.127229 0.0708061 -0.691766
0.85 -10.983 -0.0424784 0.00850118 0.707177 0.128721 0.0716621 -0.691518
0.86 -10.9828 -0.0429784 0.0086012 0.707061 0.130213 0.0725183 -0.691268
0.87 -10.9826 -0.0434785 0.00870122 0.706942 0.131704 0.0733747 -0.691016
0.88 -10.9824 -0.0439785 0.00880124 0.706821 0.133194 0.0742313 -0.690763
0.89 -10.9822 -0.0444786 0.00890126 0.706697 0.134684 0.075088 -0.690508
0.9 -10.982 -0.0449786 0.00900128 0.70657 0.136173 0.0759449 -0.690252
0.91 -10.9818 -0.0454787 0.0091013 0.706441 0.137662 0.076802 -0.689994
0.92 -10.9816 -0.0459787 0.00920132 0.706309 0.13915 0.0776593 -0.689735
0.93 -10.9814 -0.0464787 0.00930134 0.706174 0.140637 0.0785167 -0.689474
0.94 -10.9812 -0.0469788 0.00940136 0.706037 0.142124 0.0793743 -0.689212
0.95 -10.981 -0.0474788 0.00950138 0.705897 0.14361 0.0802319 -0.688948
0.96 -10.9808 -0.0479789 0.00960141 0.705754 0.145095 0.0810898 -0.688682
0.97 -10.9806 -0.0484789 0.00970143 0.705608 0.146579 0.0819478 -0.688415
0.98 -10.9804 -0.048979 0.00980145 0.70546 0.148063 0.0828059 -0.688147
0.99 -10.9802 -0.049479 0.00990147 0.70531 0.149547 0.0836642 -0.687877
1 -10.98 -0.049979 0.0100015 0.705156 0.151029 0.0845226 -0.687605
1.01 -10.9798 -0.0504791 0.0101015 0.705 0.152511 0.0853811 -0.687332
1.02 -10.9796 -0.0509791 0.0102015 0.704842 0.153992 0.0862397 -0.687057
1.03 -10.9794 -0.0514792 0.0103016 0.70468 0.155473 0.0870985 -0.686781
1.04 -10.9792 -0.0519792 0.0104016 0.704516 0.156952 0.0879574 -0.686503
1.05 -10.979 -0.0524793 0.0105016 0.70435 0.158432 0.0888163 -0.686224
1.06 -10.9788 -0.0529793 0.0106016 0.70418 0.15991 0.0896754 -0.685943
1.07 -10.9786 -0.0534793 0.0107016 0.704008 0.161388 0.0905346 -0.68566
1.08 -10.9784 -0.0539794 0.0108017 0.703834 0.162865 0.0913939 -0.685376
1.09 -10.9782 -0.0544794 0.0109017 0.703656 0.164341 0.0922532 -0.685091
1.1 -10.978 -0.0549795 0.0110017 0.703476 0.165816 0.0931127 -0.684804
1.11 -10.9778 -0.0554795 0.0111017 0.703294 0.167291 0.0939722 -0.684515
1.12 -10.9776 -0.0559795 0.0112017 0.703108 0.168765 0.0948318 -0.684225
1.13 -10.9774 -0.0564796 0.0113018 0.70292 0.170239 0.0956915 -0.683933
1.14 -10.9772 -0.0569796 0.0114018 0.70273 0.171711 0.0965513 -0.68364
1.15 -10.977 -0.0574797 0.0115018 0.702537 0.173183 0.0974111 -0.683345
1.16 -10.9768 -0.0579797 0.0116018 0.702341 0.174655 0.098271 -0.683049
1.17 -10.9766 -0.0584798 0.0117018 0.702142 0.176125 0.099131 -0.682751
1.18 -10.9764 -0.0589798 0.0118019 0.701941 0.177595 0.099991 -0.682452
1.19 -10.9762 -0.0594798 0.0119019 0.701737 0.179064 0.100851 -0.682151
1.2 -10.976 -0.0599799 0.0120019 0.701531 0.180532 0.101711 -0.681849
1.21 -10.9758 -0.0604799 0.0121019 0.701322 0.181999 0.102571 -0.681545
1.22 -10.9756 -0.06098 0.0122019 0.70111 0.183466 0.103431 -0.681239
1.23 -10.9754 -0.06148 0.012302 0.700896 0.184932 0.104292 -0.680932
1.24 -10.9752 -0.0619801 0.012402 0.700679 0.186397 0.105152 -0.680624
1.25 -10.975 -0.0624801 0.012502 0.700459 0.187861 0.106012 -0.680314
1.26 -10.9748 -0.0629801 0.012602 0.700237 0.189325 0.106872 -0.680002
1.27 -10.9746 -0.0634802 0.0127021 0.700012 0.190788 0.107733 -0.679689
1.28 -10.9744 -0.0639802 0.0128021 0.699784 0.19225 0.108593 -0.679374
1.29 -10.9742 -0.0644803 0.0129021 0.699554 0.193711 0.109453 -0.679058
1.3 -10.974 -0.0649803 0.0130021 0.699321 0.195172 0.110314 -0.67874
1.31 -10.9738 -0.0654804 0.0131021 0.699086 0.196632 0.111174 -0.678421
1.32 -10.9736 -0.0659804 0.0132022 0.698848 0.19809 0.112034 -0.6781
1.33 -10.9734 -0.0664804 0.0133022 0.698607 0.199549 0.112895 -0.677778
1.34 -10.9732 -0.0669805 0.0134022 0.698364 0.201006 0.113755 -0.677454
1.35 -10.973 -0.0674805 0.0135022 0.698118 0.202462 0.114615 -0.677129
1.36 -10.9728 -0.0679806 0.0136022 0.697869 0.203918 0.115476 -0.676802
1.37 -10.9726 -0.0684806 0.0137023 0.697618 0.205373 0.116336 -0.676474
1.38 -10.9724 -0.0689807 0.0138023 0.697364 0.206827 0.117196 -0.676144
1.39 -10.9722 -0.0694807 0.0139023 0.697108 0.20828 0.118056 -0.675813
1.4 -10.972 -0.0699807 0.0140023 0.696849 0.209733 0.118916 -0.67548
1.41 -10.9718 -0.0704808 0.0141023 0.696587 0.211184 0.119777 -0.675145
1.42 -10.9716 -0.0709808 0.0142024 0.696323 0.212635 0.120637 -0.674809
1.43 -10.9714 -0.0714809 0.0143024 0.696056 0.214085 0.121497 -0.674472
1.44 -10.9712 -0.0719809 0.0144024 0.695786 0.215534 0.122357 -0.674133
1.45 -10.971 -0.072481 0.0145024 0.695514 0.216983 0.123217 -0.673792
1.46 -10.9708 -0.072981 0.0146024 0.695239 0.21843 0.124076 -0.67345
1.47 -10.9706 -0.073481 0.0147025 0.694962 0.219877 0.124936 -0.673107
1.48 -10.9704 -0.0739811 0.0148025 0.694682 0.221322 0.125796 -0.672762
1.49 -10.9702 -0.0744811 0.0149025 0.694399 0.222767 0.126656 -0.672415
1.5 -10.97 -0.0749812 0.0150025 0.694114 0.224211 0.127515 -0.672067
1.51 -10.9698 -0.0754812 0.0151026 0.693826 0.225654 0.128375 -0.671718
1.52 -10.9696 -0.0759813 0.0152026 0.693536 0.227097 0.129234 -0.671367
1.53 -10.9694 -0.0764813 0.0153026 0.693243 0.228538 0.130093 -0.671014
1.54 -10.9692 -0.0769813 0.0154026 0.692947 0.229979 0.130953 -0.67066
1.55 -10.969 -0.0774814 0.0155026 0.692649 0.231419 0.131812 -0.670305
1.56 -10.9688 -0.0779814 0.0156027 0.692348 0.232857 0.132671 -0.669948
1.57 -10.9686 -0.0784815 0.0157027 0.692044 0.234295 0.13353 -0.669589
1.58 -10.9684 -0.0789815 0.0158027 0.691738 0.235732 0.134389 -0.669229
1.59 -10.9682 -0.0794816 0.0159027 0.69143 0.237169 0.135247 -0.668868
1.6 -10.968 -0.0799816 0.0160027 0.691118 0.238604 0.136106 -0.668505
1.61 -10.9678 -0.0804816 0.0161028 0.690804 0.240038 0.136964 -0.66814
1.62 -10.9676 -0.0809817 0.0162028 0.690488 0.241472 0.137823 -0.667774
1.63 -10.9674 -0.0814817 0.0163028 0.690169 0.242904 0.138681 -0.667407
1.64 -10.9672 -0.0819818 0.0164028 0.689847 0.244336 0.139539 -0.667038
1.65 -10.967 -0.0824818 0.0165028 0.689523 0.245767 0.140397 -0.666667
1.66 -10.9668 -0.0829818 0.0166029 0.689196 0.247197 0.141255 -0.666295
1.67 -10.9666 -0.0834819 0.0167029 0.688867 0.248626 0.142112 -0.665922
1.68 -10.9664 -0.0839819 0.0168029 0.688534 0.250054 0.14297 -0.665547
1.69 -10.9662 -0.084482 0.0169029 0.6882 0.251481 0.143827 -0.665171
1.7 -10.966 -0.084982 0.0170029 0.687863 0.252907 0.144685 -0.664793
1.71 -10.9658 -0.0854821 0.017103 0.687523 0.254332 0.145542 -0.664413
1.72 -10.9656 -0.0859821 0.017203 0.68718 0.255757 0.146398 -0.664033
1.73 -10.9654 -0.0864821 0.017303 0.686835 0.25718 0.147255 -0.66365
1.74 -10.9652 -0.0869822 0.017403 0.686488 0.258603 0.148112 -0.663266
1.75 -10.965 -0.0874822 0.0175031 0.686137 0.260024 0.148968 -0.662881
1.76 -10.9648 -0.0879823 0.0176031 0.685785 0.261445 0.149824 -0.662494
1.77 -10.9646 -0.0884823 0.0177031 0.685429 0.262864 0.15068 -0.662106
1.78 -10.9644 -0.0889824 0.0178031 0.685071 0.264283 0.151536 -0.661716
1.79 -10.9642 -0.0894824 0.0179031 0.684711 0.265701 0.152392 -0.661325
1.8 -10.964 -0.0899824 0.0180032 0.684348 0.267118 0.153247 -0.660933
1.81 -10.9638 -0.0904825 0.0181032 0.683982 0.268533 0.154102 -0.660539
1.82 -10.9636 -0.0909825 0.0182032 0.683614 0.269948 0.154957 -0.660143
1.83 -10.9634 -0.0914826 0.0183032 0.683243 0.271362 0.155812 -0.659746
1.84 -10.9632 -0.0919826 0.0184032 0.682869 0.272775 0.156667 -0.659347
1.85 -10.963 -0.0924827 0.0185033 0.682493 0.274187 0.157521 -0.658947
1.86 -10.9628 -0.0929827 0.0186033 0.682115 0.275598 0.158375 -0.658546
1.87 -10.9626 -0.0934827 0.0187033 0.681733 0.277008 0.159229 -0.658143
1.88 -10.9624 -0.0939828 0.0188033 0.68135 0.278417 0.160083 -0.657739
1.89 -10.9622 -0.0944828 0.0189033 0.680963 0.279825 0.160937 -0.657333
1.9 -10.962 -0.0949829 0.0190034 0.680574 0.281232 0.16179 -0.656926
1.91 -10.9618 -0.0954829 0.0191034 0.680183 0.282638 0.162643 -0.656517
1.92 -10.9616 -0.095983 0.0192034 0.679789 0.284043 0.163496 -0.656107
1.93 -10.9614 -0.096483 0.0193034 0.679392 0.285447 0.164348 -0.655695
1.94 -10.9612 -0.096983 0.0194034 0.678993 0.28685 0.1652 -0.655282
1.95 -10.961 -0.0974831 0.0195035 0.678591 0.288252 0.166052 -0.654868
1.96 -10.9608 -0.0979831 0.0196035 0.678187 0.289653 0.166904 -0.654452
1.97 -10.9606 -0.0984832 0.0197035 0.67778 0.291053 0.167756 -0.654034
1.98 -10.9604 -0.0989832 0.0198035 0.67737 0.292452 0.168607 -0.653615
1.99 -10.9602 -0.0994833 0.0199036 0.676958 0.29385 0.169458 -0.653195
2 -10.96 -0.0999833 0.0200036 0.676544 0.295246 0.170309 -0.652773
2.01 -10.9598 -0.100483 0.0201036 0.676127 0.296642 0.171159 -0.65235
2.02 -10.9596 -0.100983 0.0202036 0.675707 0.298037 0.172009 -0.651926
2.03 -10.9594 -0.101483 0.0203036 0.675285 0.299431 0.172859 -0.6515
2.04 -10.9592 -0.101983 0.0204037 0.67486 0.300824 0.173709 -0.651072
2.05 -10.959 -0.102484 0.0205037 0.674432 0.302215 0.174558 -0.650643
2.06 -10.9588 -0.102984 0.0206037 0.674002 0.303606 0.175407 -0.650213
2.07 -10.9586 -0.103484 0.0207037 0.67357 0.304996 0.176255 -0.649781
2.08 -10.9584 -0.103984 0.0208037 0.673135 0.306384 0.177104 -0.649348
2.09 -10.9582 -0.104484 0.0209038 0.672697 0.307772 0.177952 -0.648913
2.1 -10.958 -0.104984 0.0210038 0.672257 0.309158 0.1788 -0.648477
2.11 -10.9578 -0.105484 0.0211038 0.671814 0.310543 0.179647 -0.64804
2.12 -10.9576 -0.105984 0.0212038 0.671369 0.311928 0.180494 -0.647601
2.13 -10.9574 -0.106484 0.0213038 0.670921 0.313311 0.181341 -0.647161
2.14 -10.9572 -0.106984 0.0214039 0.67047 0.314693 0.182187 -0.646719
2.15 -10.957 -0.107484 0.0215039 0.670017 0.316074 0.183034 -0.646276
2.16 -10.9568 -0.107984 0.0216039 0.669562 0.317454 0.183879 -0.645831
2.17 -10.9566 -0.108484 0.0217039 0.669104 0.318833 0.184725 -0.645385
2.18 -10.9564 -0.108984 0.0218039 0.668643 0.320211 0.18557 -0.644938
2.19 -10.9562 -0.109484 0.021904 0.66818 0.321587 0.186415 -0.644489
2.2 -10.956 -0.109984 0.022004 0.667714 0.322963 0.187259 -0.644039
2.21 -10.9558 -0.110484 0.022104 0.667246 0.324338 0.188103 -0.643588
2.22 -10.9556 -0.110984 0.022204 0.666775 0.325711 0.188947 -0.643135
2.23 -10.9554 -0.111484 0.0223041 0.666302 0.327083 0.18979 -0.64268
2.24 -10.9552 -0.111984 0.0224041 0.665826 0.328455 0.190633 -0.642225
2.25 -10.955 -0.112484 0.0225041 0.665347 0.329825 0.191476 -0.641767
2.26 -10.9548 -0.112984 0.0226041 0.664866 0.331194 0.192318 -0.641309
2.27 -10.9546 -0.113484 0.0227041 0.664383 0.332562 0.19316 -0.640849
2.28 -10.9544 -0.113984 0.0228042 0.663897 0.333928 0.194002 -0.640388
2.29 -10.9542 -0.114485 0.0229042 0.663408 0.335294 0.194843 -0.639925
2.3 -10.954 -0.114985 0.0230042 0.662917 0.336658 0.195683 -0.639461
2.31 -10.9538 -0.115485 0.0231042 0.662423 0.338022 0.196524 -0.638995
2.32 -10.9536 -0.115985 0.0232042 0.661927 0.339384 0.197364 -0.638529
2.33 -10.9534 -0.116485 0.0233043 0.661428 0.340745 0.198203 -0.63806
2.34 -10.9532 -0.116985 0.0234043 0.660927 0.342105 0.199042 -0.637591
2.35 -10.953 -0.117485 0.0235043 0.660423 0.343464 0.199881 -0.63712
2.36 -10.9528 -0.117985 0.0236043 0.659917 0.344821 0.200719 -0.636647
2.37 -10.9526 -0.118485 0.0237043 0.659408 0.346178 0.201557 -0.636174
2.38 -10.9524 -0.118985 0.0238044 0.658896 0.347533 0.202395 -0.635699
2.39 -10.9522 -0.119485 0.0239044 0.658382 0.348887 0.203232 -0.635222
2.4 -10.952 -0.119985 0.0240044 0.657866 0.35024 0.204068 -0.634744
2.41 -10.9518 -0.120485 0.0241044 0.657347 0.351592 0.204905 -0.634265
2.42 -10.9516 -0.120985 0.0242044 0.656825 0.352943 0.20574 -0.633785
2.43 -10.9514 -0.121485 0.0243045 0.656301 0.354292 0.206576 -0.633303
2.44 -10.9512 -0.121985 0.0244045 0.655774 0.355641 0.207411 -0.632819
2.45 -10.951 -0.122485 0.0245045 0.655245 0.356988 0.208245 -0.632335
2.46 -10.9508 -0.122985 0.0246045 0.654713 0.358334 0.209079 -0.631849
2.47 -10.9506 -0.123485 0.0247046 0.654179 0.359679 0.209913 -0.631362
2.48 -10.9504 -0.123985 0.0248046 0.653642 0.361022 0.210746 -0.630873
2.49 -10.9502 -0.124485 0.0249046 0.653103 0.362365 0.211579 -0.630383
2.5 -10.95 -0.124985 0.0250046 0.652561 0.363706 0.212411 -0.629892
2.51 -10.9498 -0.125485 0.0251046 0.652017 0.365046 0.213243 -0.629399
2.52 -10.9496 -0.125986 0.0252047 0.65147 0.366385 0.214074 -0.628905
2.53 -10.9494 -0.126486 0.0253047 0.650921 0.367722 0.214905 -0.628409
2.54 -10.9492 -0.126986 0.0254047 0.650369 0.369059 0.215735 -0.627913
2.55 -10.949 -0.127486 0.0255047 0.649815 0.370394 0.216565 -0.627415
2.56 -10.9488 -0.127986 0.0256047 0.649258 0.371728 0.217394 -0.626915
2.57 -10.9486 -0.128486 0.0257048 0.648698 0.37306 0.218223 -0.626415
2.58 -10.9484 -0.128986 0.0258048 0.648136 0.374392 0.219051 -0.625913
2.59 -10.9482 -0.129486 0.0259048 0.647572 0.375722 0.219879 -0.625409
2.6 -10.948 -0.129986 0.0260048 0.647005 0.377051 0.220707 -0.624905
2.61 -10.9478 -0.130486 0.0261048 0.646435 0.378379 0.221534 -0.624399
2.62 -10.9476 -0.130986 0.0262049 0.645863 0.379706 0.22236 -0.623891
2.63 -10.9474 -0.131486 0.0263049 0.645289 0.381031 0.223186 -0.623383
2.64 -10.9472 -0.131986 0.0264049 0.644712 0.382355 0.224011 -0.622873
2.65 -10.947 -0.132486 0.0265049 0.644132 0.383678 0.224836 -0.622362
2.66 -10.9468 -0.132986 0.0266049 0.64355 0.384999 0.225661 -0.621849
2.67 -10.9466 -0.133486 0.026705 0.642965 0.38632 0.226484 -0.621335
2.68 -10.9464 -0.133986 0.026805 0.642378 0.387639 0.227308 -0.62082
2.69 -10.9462 -0.134486 0.026905 0.641789 0.388957 0.228131 -0.620304
2.7 -10.946 -0.134986 0.027005 0.641196 0.390273 0.228953 -0.619786
2.71 -10.9458 -0.135486 0.027105 0.640602 0.391588 0.229775 -0.619267
2.72 -10.9456 -0.135986 0.0272051 0.640005 0.392902 0.230596 -0.618747
2.73 -10.9454 -0.136486 0.0273051 0.639405 0.394215 0.231416 -0.618225
2.74 -10.9452 -0.136986 0.0274051 0.638803 0.395526 0.232236 -0.617702
2.75 -10.945 -0.137486 0.0275051 0.638198 0.396837 0.233056 -0.617178
2.76 -10.9448 -0.137987 0.0276052 0.637591 0.398145 0.233875 -0.616653
2.77 -10.9446 -0.138487 0.0277052 0.636981 0.399453 0.234693 -0.616126
2.78 -10.9444 -0.138987 0.0278052 0.636369 0.400759 0.235511 -0.615598
2.79 -10.9442 -0.139487 0.0279052 0.635755 0.402064 0.236329 -0.615068
2.8 -10.944 -0.139987 0.0280052 0.635137 0.403368 0.237145 -0.614538
2.81 -10.9438 -0.140487 0.0281053 0.634518 0.40467 0.237962 -0.614006
2.82 -10.9436 -0.140987 0.0282053 0.633896 0.405971 0.238777 -0.613473
2.83 -10.9434 -0.141487 0.0283053 0.633271 0.407271 0.239592 -0.612939
2.84 -10.9432 -0.141987 0.0284053 0.632644 0.40857 0.240407 -0.612403
2.85 -10.943 -0.142487 0.0285053 0.632014 0.409867 0.241221 -0.611866
2.86 -10.9428 -0.142987 0.0286054 0.631382 0.411163 0.242034 -0.611328
2.87 -10.9426 -0.143487 0.0287054 0.630747 0.412457 0.242847 -0.610789
2.88 -10.9424 -0.143987 0.0288054 0.63011 0.41375 0.243659 -0.610248
2.89 -10.9422 -0.144487 0.0289054 0.62947 0.415042 0.24447 -0.609706
2.9 -10.942 -0.144987 0.0290054 0.628828 0.416332 0.245281 -0.609163
2.91 -10.9418 -0.145487 0.0291055 0.628184 0.417622 0.246091 -0.608619
2.92 -10.9416 -0.145987 0.0292055 0.627537 0.418909 0.246901 -0.608073
2.93 -10.9414 -0.146487 0.0293055 0.626887 0.420196 0.24771 -0.607526
2.94 -10.9412 -0.146987 0.0294055 0.626235 0.421481 0.248519 -0.606978
2.95 -10.941 -0.147487 0.0295055 0.62558 0.422765 0.249326 -0.606429
2.96 -10.9408 -0.147987 0.0296056 0.624923 0.424047 0.250134 -0.605878
2.97 -10.9406 -0.148487 0.0297056 0.624264 0.425328 0.25094 -0.605326
2.98 -10.9404 -0.148987 0.0298056 0.623601 0.426608 0.251746 -0.604773
2.99 -10.9402 -0.149488 0.0299056 0.622937 0.427886 0.252552 -0.604219
3 -10.94 -0.149988 0.0300057 0.62227 0.429163 0.253356 -0.603664
3.01 -10.9398 -0.150488 0.0301057 0.6216 0.430439 0.25416 -0.603107
3.02 -10.9396 -0.150988 0.0302057 0.620928 0.431713 0.254964 -0.602549
3.03 -10.9394 -0.151488 0.0303057 0.620254 0.432986 0.255767 -0.60199
3.04 -10.9392 -0.151988 0.0304057 0.619577 0.434257 0.256569 -0.60143
3.05 -10.939 -0.152488 0.0305058 0.618897 0.435527 0.25737 -0.600868
3.06 -10.9388 -0.152988 0.0306058 0.618215 0.436796 0.258171 -0.600306
3.07 -10.9386 -0.153488 0.0307058 0.617531 0.438063 0.258971 -0.599742
3.08 -10.9384 -0.153988 0.0308058 0.616844 0.439329 0.259771 -0.599177
3.09 -10.9382 -0.154488 0.0309058 0.616155 0.440593 0.26057 -0.59861
3.1 -10.938 -0.154988 0.0310059 0.615463 0.441856 0.261368 -0.598043
3.11 -10.9378 -0.155488 0.0311059 0.614768 0.443118 0.262165 -0.597474
3.12 -10.9376 -0.155988 0.0312059 0.614072 0.444378 0.262962 -0.596904
3.13 -10.9374 -0.156488 0.0313059 0.613372 0.445637 0.263759 -0.596333
3.14 -10.9372 -0.156988 0.0314059 0.612671 0.446894 0.264554 -0.595761
3.15 -10.937 -0.157488 0.031506 0.611966 0.44815 0.265349 -0.595188
3.16 -10.9368 -0.157988 0.031606 0.61126 0.449405 0.266143 -0.594613
3.17 -10.9366 -0.158488 0.031706 0.61055 0.450658 0.266936 -0.594037
3.18 -10.9364 -0.158988 0.031806 0.609839 0.45191 0.267729 -0.593461
3.19 -10.9362 -0.159488 0.031906 0.609125 0.45316 0.268521 -0.592882
3.2 -10.936 -0.159988 0.0320061 0.608408 0.454409 0.269313 -0.592303
3.21 -10.9358 -0.160488 0.0321061 0.607689 0.455656 0.270103 -0.591723
3.22 -10.9356 -0.160988 0.0322061 0.606967 0.456902 0.270893 -0.591141
3.23 -10.9354 -0.161489 0.0323061 0.606243 0.458147 0.271682 -0.590559
3.24 -10.9352 -0.161989 0.0324062 0.605517 0.459389 0.272471 -0.589975
3.25 -10.935 -0.162489 0.0325062 0.604788 0.460631 0.273259 -0.58939
3.26 -10.9348 -0.162989 0.0326062 0.604056 0.461871 0.274046 -0.588804
3.27 -10.9346 -0.163489 0.0327062 0.603322 0.46311 0.274832 -0.588216
3.28 -10.9344 -0.163989 0.0328062 0.602586 0.464347 0.275618 -0.587628
3.29 -10.9342 -0.164489 0.0329063 0.601847 0.465583 0.276403 -0.587039
3.3 -10.934 -0.164989 0.0330063 0.601106 0.466817 0.277187 -0.586448
3.31 -10.9338 -0.165489 0.0331063 0.600362 0.468049 0.277971 -0.585856
3.32 -10.9336 -0.165989 0.0332063 0.599616 0.469281 0.278753 -0.585263
3.33 -10.9334 -0.166489 0.0333063 0.598867 0.47051 0.279535 -0.584669
3.34 -10.9332 -0.166989 0.0334064 0.598116 0.471739 0.280317 -0.584074
3.35 -10.933 -0.167489 0.0335064 0.597362 0.472965 0.281097 -0.583478
3.36 -10.9328 -0.167989 0.0336064 0.596606 0.474191 0.281877 -0.58288
3.37 -10.9326 -0.168489 0.0337064 0.595848 0.475415 0.282656 -0.582282
3.38 -10.9324 -0.168989 0.0338064 0.595087 0.476637 0.283434 -0.581682
3.39 -10.9322 -0.169489 0.0339065 0.594323 0.477858 0.284212 -0.581082
3.4 -10.932 -0.169989 0.0340065 0.593557 0.479077 0.284988 -0.58048
3.41 -10.9318 -0.170489 0.0341065 0.592789 0.480294 0.285764 -0.579877
3.42 -10.9316 -0.170989 0.0342065 0.592018 0.481511 0.28654 -0.579273
3.43 -10.9314 -0.171489 0.0343065 0.591245 0.482725 0.287314 -0.578668
3.44 -10.9312 -0.171989 0.0344066 0.590469 0.483938 0.288088 -0.578062
3.45 -10.931 -0.172489 0.0345066 0.589691 0.48515 0.288861 -0.577454
3.46 -10.9308 -0.17299 0.0346066 0.58891 0.48636 0.289633 -0.576846
3.47 -10.9306 -0.17349 0.0347066 0.588127 0.487569 0.290404 -0.576237
3.48 -10.9304 -0.17399 0.0348067 0.587342 0.488776 0.291174 -0.575626
3.49 -10.9302 -0.17449 0.0349067 0.586554 0.489981 0.291944 -0.575015
3.5 -10.93 -0.17499 0.0350067 0.585763 0.491185 0.292713 -0.574402
3.51 -10.9298 -0.17549 0.0351067 0.58497 0.492387 0.293481 -0.573788
3.52 -10.9296 -0.17599 0.0352067 0.584175 0.493588 0.294249 -0.573174
3.53 -10.9294 -0.17649 0.0353068 0.583377 0.494788 0.295015 -0.572558
3.54 -10.9292 -0.17699 0.0354068 0.582577 0.495985 0.295781 -0.571941
3.55 -10.929 -0.17749 0.0355068 0.581774 0.497181 0.296546 -0.571323
3.56 -10.9288 -0.17799 0.0356068 0.580969 0.498376 0.29731 -0.570704
3.57 -10.9286 -0.17849 0.0357068 0.580161 0.499569 0.298074 -0.570084
3.58 -10.9284 -0.17899 0.0358069 0.579351 0.50076 0.298836 -0.569463
3.59 -10.9282 -0.17949 0.0359069 0.578539 0.50195 0.299598 -0.568841
3.6 -10.928 -0.17999 0.0360069 0.577724 0.503138 0.300359 -0.568218
3.61 -10.9278 -0.18049 0.0361069 0.576906 0.504325 0.301119 -0.567594
3.62 -10.9276 -0.18099 0.0362069 0.576087 0.50551 0.301878 -0.566969
3.63 -10.9274 -0.18149 0.036307 0.575264 0.506693 0.302636 -0.566343
3.64 -10.9272 -0.18199 0.036407 0.57444 0.507875 0.303394 -0.565715
3.65 -10.927 -0.18249 0.036507 0.573612 0.509055 0.304151 -0.565087
3.66 -10.9268 -0.18299 0.036607 0.572783 0.510234 0.304907 -0.564458
3.67 -10.9266 -0.18349 0.036707 0.571951 0.511411 0.305662 -0.563828
3.68 -10.9264 -0.18399 0.0368071 0.571116 0.512587 0.306416 -0.563197
3.69 -10.9262 -0.18449 0.0369071 0.57028 0.51376 0.307169 -0.562564
3.7 -10.926 -0.184991 0.0370071 0.56944 0.514932 0.307922 -0.561931
3.71 -10.9258 -0.185491 0.0371071 0.568598 0.516103 0.308674 -0.561297
3.72 -10.9256 -0.185991 0.0372072 0.567754 0.517272 0.309424 -0.560662
3.73 -10.9254 -0.186491 0.0373072 0.566908 0.518439 0.310174 -0.560025
3.74 -10.9252 -0.186991 0.0374072 0.566058 0.519605 0.310923 -0.559388
3.75 -10.925 -0.187491 0.0375072 0.565207 0.520769 0.311672 -0.55875
3.76 -10.9248 -0.187991 0.0376072 0.564353 0.521931 0.312419 -0.558111
3.77 -10.9246 -0.188491 0.0377073 0.563497 0.523092 0.313166 -0.557471
3.78 -10.9244 -0.188991 0.0378073 0.562638 0.524251 0.313911 -0.55683
3.79 -10.9242 -0.189491 0.0379073 0.561777 0.525408 0.314656 -0.556188
3.8 -10.924 -0.189991 0.0380073 0.560913 0.526564 0.3154 -0.555545
3.81 -10.9238 -0.190491 0.0381073 0.560047 0.527718 0.316143 -0.554901
3.82 -10.9236 -0.190991 0.0382074 0.559178 0.52887 0.316885 -0.554256
3.83 -10.9234 -0.191491 0.0383074 0.558307 0.530021 0.317626 -0.55361
3.84 -10.9232 -0.191991 0.0384074 0.557434 0.53117 0.318367 -0.552963
3.85 -10.923 -0.192491 0.0385074 0.556558 0.532318 0.319106 -0.552315
3.86 -10.9228 -0.192991 0.0386074 0.55568 0.533463 0.319845 -0.551667
3.87 -10.9226 -0.193491 0.0387075 0.554799 0.534607 0.320582 -0.551017
3.88 -10.9224 -0.193991 0.0388075 0.553916 0.53575 0.321319 -0.550366
3.89 -10.9222 -0.194491 0.0389075 0.553031 0.53689 0.322055 -0.549715
3.9 -10.922 -0.194991 0.0390075 0.552143 0.538029 0.32279 -0.549062
3.91 -10.9218 -0.195491 0.0391075 0.551253 0.539166 0.323524 -0.548409
3.92 -10.9216 -0.195991 0.0392076 0.55036 0.540302 0.324257 -0.547755
3.93 -10.9214 -0.196492 0.0393076 0.549465 0.541436 0.32499 -0.547099
3.94 -10.9212 -0.196992 0.0394076 0.548567 0.542568 0.325721 -0.546443
3.95 -10.921 -0.197492 0.0395076 0.547667 0.543698 0.326451 -0.545786
3.96 -10.9208 -0.197992 0.0396077 0.546765 0.544827 0.327181 -0.545128
3.97 -10.9206 -0.198492 0.0397077 0.54586 0.545954 0.327909 -0.54447
3.98 -10.9204 -0.198992 0.0398077 0.544952 0.547079 0.328637 -0.54381
3.99 -10.9202 -0.199492 0.0399077 0.544043 0.548202 0.329364 -0.543149
4 -10.92 -0.199992 0.0400077 0.543131 0.549324 0.33009 -0.542488
4.01 -10.9198 -0.200492 0.0401078 0.542216 0.550444 0.330815 -0.541825
4.02 -10.9196 -0.200992 0.0402078 0.541299 0.551562 0.331538 -0.541162
4.03 -10.9194 -0.201492 0.0403078 0.54038 0.552679 0.332261 -0.540498
4.04 -10.9192 -0.201992 0.0404078 0.539458 0.553794 0.332984 -0.539833
4.05 -10.919 -0.202492 0.0405078 0.538534 0.554907 0.333705 -0.539167
4.06 -10.9188 -0.202992 0.0406079 0.537607 0.556018 0.334425 -0.5385
4.07 -10.9186 -0.203492 0.0407079 0.536678 0.557127 0.335144 -0.537833
4.08 -10.9184 -0.203992 0.0408079 0.535747 0.558235 0.335862 -0.537164
4.09 -10.9182 -0.204492 0.0409079 0.534813 0.559341 0.33658 -0.536495
4.1 -10.918 -0.204992 0.0410079 0.533877 0.560445 0.337296 -0.535825
4.11 -10.9178 -0.205492 0.041108 0.532938 0.561547 0.338011 -0.535154
4.12 -10.9176 -0.205992 0.041208 0.531997 0.562648 0.338726 -0.534482
4.13 -10.9174 -0.206492 0.041308 0.531054 0.563747 0.339439 -0.533809
4.14 -10.9172 -0.206992 0.041408 0.530108 0.564844 0.340152 -0.533136
4.15 -10.917 -0.207492 0.041508 0.52916 0.565939 0.340863 -0.532461
4.16 -10.9168 -0.207993 0.0416081 0.528209 0.567032 0.341574 -0.531786
4.17 -10.9166 -0.208493 0.0417081 0.527256 0.568124 0.342284 -0.53111
4.18 -10.9164 -0.208993 0.0418081 0.526301 0.569214 0.342992 -0.530433
4.19 -10.9162 -0.209493 0.0419081 0.525343 0.570302 0.3437 -0.529756
4.2 -10.916 -0.209993 0.0420082 0.524383 0.571388 0.344407 -0.529077
4.21 -10.9158 -0.210493 0.0421082 0.52342 0.572472 0.345112 -0.528398
4.22 -10.9156 -0.210993 0.0422082 0.522455 0.573555 0.345817 -0.527718
4.23 -10.9154 -0.211493 0.0423082 0.521488 0.574635 0.346521 -0.527037
4.24 -10.9152 -0.211993 0.0424082 0.520518 0.575714 0.347224 -0.526355
4.25 -10.915 -0.212493 0.0425083 0.519546 0.576791 0.347925 -0.525673
4.26 -10.9148 -0.212993 0.0426083 0.518571 0.577866 0.348626 -0.52499
4.27 -10.9146 -0.213493 0.0427083 0.517594 0.57894 0.349326 -0.524306
4.28 -10.9144 -0.213993 0.0428083 0.516615 0.580011 0.350025 -0.523621
4.29 -10.9142 -0.214493 0.0429083 0.515633 0.581081 0.350722 -0.522935
4.3 -10.914 -0.214993 0.0430084 0.514649 0.582149 0.351419 -0.522249
4.31 -10.9138 -0.215493 0.0431084 0.513662 0.583215 0.352115 -0.521562
4.32 -10.9136 -0.215993 0.0432084 0.512673 0.584279 0.35281 -0.520874
4.33 -10.9134 -0.216493 0.0433084 0.511682 0.585341 0.353503 -0.520186
4.34 -10.9132 -0.216993 0.0434084 0.510688 0.586401 0.354196 -0.519496
4.35 -10.913 -0.217493 0.0435085 0.509692 0.58746 0.354888 -0.518806
4.36 -10.9128 -0.217993 0.0436085 0.508694 0.588516 0.355579 -0.518115
4.37 -10.9126 -0.218493 0.0437085 0.507693 0.589571 0.356268 -0.517424
4.38 -10.9124 -0.218993 0.0438085 0.506689 0.590624 0.356957 -0.516731
4.39 -10.9122 -0.219493 0.0439085 0.505684 0.591675 0.357645 -0.516038
4.4 -10.912 -0.219994 0.0440086 0.504676 0.592724 0.358331 -0.515344
4.41 -10.9118 -0.220494 0.0441086 0.503665 0.593771 0.359017 -0.51465
4.42 -10.9116 -0.220994 0.0442086 0.502652 0.594816 0.359701 -0.513955
4.43 -10.9114 -0.221494 0.0443086 0.501637 0.595859 0.360385 -0.513259
4.44 -10.9112 -0.221994 0.0444087 0.50062 0.596901 0.361067 -0.512562
4.45 -10.911 -0.222494 0.0445087 0.4996 0.59794 0.361749 -0.511865
4.46 -10.9108 -0.222994 0.0446087 0.498578 0.598978 0.362429 -0.511167
4.47 -10.9106 -0.223494 0.0447087 0.497553 0.600013 0.363109 -0.510468
4.48 -10.9104 -0.223994 0.0448087 0.496526 0.601047 0.363787 -0.509769
4.49 -10.9102 -0.224494 0.0449088 0.495496 0.602079 0.364464 -0.509068
4.5 -10.91 -0.224994 0.0450088 0.494464 0.603108 0.365141 -0.508368
4.51 -10.9098 -0.225494 0.0451088 0.49343 0.604136 0.365816 -0.507666
4.52 -10.9096 -0.225994 0.0452088 0.492394 0.605162 0.36649 -0.506964
4.53 -10.9094 -0.226494 0.0453088 0.491355 0.606186 0.367163 -0.506261
4.54 -10.9092 -0.226994 0.0454089 0.490314 0.607208 0.367835 -0.505557
4.55 -10.909 -0.227494 0.0455089 0.48927 0.608228 0.368506 -0.504853
4.56 -10.9088 -0.227994 0.0456089 0.488224 0.609246 0.369176 -0.504148
4.57 -10.9086 -0.228494 0.0457089 0.487175 0.610262 0.369845 -0.503443
4.58 -10.9084 -0.228994 0.0458089 0.486125 0.611277 0.370513 -0.502737
4.59 -10.9082 -0.229494 0.045909 0.485071 0.612289 0.371179 -0.50203
4.6 -10.908 -0.229994 0.046009 0.484016 0.613299 0.371845 -0.501323
4.61 -10.9078 -0.230494 0.046109 0.482958 0.614307 0.37251 -0.500615
4.62 -10.9076 -0.230994 0.046209 0.481898 0.615313 0.373173 -0.499906
4.63 -10.9074 -0.231495 0.046309 0.480835 0.616318 0.373835 -0.499197
4.64 -10.9072 -0.231995 0.0464091 0.47977 0.61732 0.374497 -0.498487
4.65 -10.907 -0.232495 0.0465091 0.478703 0.61832 0.375157 -0.497776
4.66 -10.9068 -0.232995 0.0466091 0.477633 0.619318 0.375816 -0.497065
4.67 -10.9066 -0.233495 0.0467091 0.476561 0.620314 0.376474 -0.496353
4.68 -10.9064 -0.233995 0.0468092 0.475487 0.621309 0.377132 -0.495641
4.69 -10.9062 -0.234495 0.0469092 0.47441 0.622301 0.377788 -0.494928
4.7 -10.906 -0.234995 0.0470092 0.473331 0.623291 0.378442 -0.494214
4.71 -10.9058 -0.235495 0.0471092 0.47225 0.624279 0.379096 -0.4935
4.72 -10.9056 -0.235995 0.0472092 0.471166 0.625265 0.379749 -0.492785
4.73 -10.9054 -0.236495 0.0473093 0.47008 0.626249 0.3804 -0.49207
4.74 -10.9052 -0.236995 0.0474093 0.468991 0.627231 0.381051 -0.491354
4.75 -10.905 -0.237495 0.0475093 0.4679 0.628211 0.3817 -0.490637
4.76 -10.9048 -0.237995 0.0476093 0.466807 0.629189 0.382349 -0.48992
4.77 -10.9046 -0.238495 0.0477093 0.465712 0.630165 0.382996 -0.489202
4.78 -10.9044 -0.238995 0.0478094 0.464614 0.631139 0.383642 -0.488484
4.79 -10.9042 -0.239495 0.0479094 0.463513 0.632111 0.384287 -0.487765
4.8 -10.904 -0.239995 0.0480094 0.462411 0.63308 0.384931 -0.487046
4.81 -10.9038 -0.240495 0.0481094 0.461306 0.634048 0.385574 -0.486326
4.82 -10.9036 -0.240995 0.0482094 0.460199 0.635013 0.386215 -0.485606
4.83 -10.9034 -0.241495 0.0483095 0.459089 0.635977 0.386856 -0.484885
4.84 -10.9032 -0.241995 0.0484095 0.457977 0.636938 0.387495 -0.484163
4.85 -10.903 -0.242495 0.0485095 0.456863 0.637897 0.388134 -0.483441
4.86 -10.9028 -0.242995 0.0486095 0.455746 0.638855 0.388771 -0.482719
4.87 -10.9026 -0.243496 0.0487095 0.454627 0.63981 0.389407 -0.481996
4.88 -10.9024 -0.243996 0.0488096 0.453506 0.640763 0.390042 -0.481272
4.89 -10.9022 -0.244496 0.0489096 0.452382 0.641714 0.390676 -0.480548
4.9 -10.902 -0.244996 0.0490096 0.451256 0.642662 0.391309 -0.479824
4.91 -10.9018 -0.245496 0.0491096 0.450128 0.643609 0.39194 -0.479099
4.92 -10.9016 -0.245996 0.0492097 0.448997 0.644554 0.392571 -0.478373
4.93 -10.9014 -0.246496 0.0493097 0.447864 0.645496 0.3932 -0.477647
4.94 -10.9012 -0.246996 0.0494097 0.446729 0.646436 0.393828 -0.47692
4.95 -10.901 -0.247496 0.0495097 0.445591 0.647374 0.394455 -0.476193
4.96 -10.9008 -0.247996 0.0496097 0.444451 0.64831 0.395081 -0.475466
4.97 -10.9006 -0.248496 0.0497098 0.443309 0.649244 0.395706 -0.474738
4.98 -10.9004 -0.248996 0.0498098 0.442164 0.650176 0.39633 -0.474009
4.99 -10.9002 -0.249496 0.0499098 0.441017 0.651105 0.396952 -0.47328
5 -10.9 -0.249996 0.0500098 0.439868 0.652033 0.397574 -0.472551
5.01 -10.8998 -0.250496 0.0501098 0.438716 0.652958 0.398194 -0.471821
5.02 -10.8996 -0.250996 0.0502099 0.437562 0.653881 0.398813 -0.471091
5.03 -10.8994 -0.251496 0.0503099 0.436406 0.654802 0.399431 -0.47036
5.04 -10.8992 -0.251996 0.0504099 0.435247 0.655721 0.400048 -0.469629
5.05 -10.899 -0.252496 0.0505099 0.434087 0.656637 0.400663 -0.468898
5.06 -10.8988 -0.252996 0.0506099 0.432923 0.657552 0.401278 -0.468166
5.07 -10.8986 -0.253496 0.05071 0.431758 0.658464 0.401891 -0.467433
5.08 -10.8984 -0.253996 0.05081 0.43059 0.659374 0.402504 -0.4667
5.09 -10.8982 -0.254496 0.05091 0.42942 0.660282 0.403115 -0.465967
5.1 -10.898 -0.254997 0.05101 0.428247 0.661187 0.403725 -0.465233
5.11 -10.8978 -0.255497 0.05111 0.427073 0.662091 0.404333 -0.464499
5.12 -10.8976 -0.255997 0.0512101 0.425896 0.662992 0.404941 -0.463765
5.13 -10.8974 -0.256497 0.0513101 0.424716 0.663891 0.405547 -0.46303
5.14 -10.8972 -0.256997 0.0514101 0.423534 0.664787 0.406153 -0.462295
5.15 -10.897 -0.257497 0.0515101 0.42235 0.665682 0.406757 -0.461559
5.16 -10.8968 -0.257997 0.0516102 0.421164 0.666574 0.40736 -0.460823
5.17 -10.8966 -0.258497 0.0517102 0.419975 0.667464 0.407961 -0.460087
5.18 -10.8964 -0.258997 0.0518102 0.418785 0.668352 0.408562 -0.45935
5.19 -10.8962 -0.259497 0.0519102 0.417591 0.669238 0.409161 -0.458613
5.2 -10.896 -0.259997 0.0520102 0.416396 0.670121 0.40976 -0.457875
5.21 -10.8958 -0.260497 0.0521103 0.415198 0.671002 0.410357 -0.457137
5.22 -10.8956 -0.260997 0.0522103 0.413998 0.671881 0.410953 -0.456399
5.23 -10.8954 -0.261497 0.0523103 0.412795 0.672757 0.411547 -0.45566
5.24 -10.8952 -0.261997 0.0524103 0.411591 0.673631 0.412141 -0.454922
5.25 -10.895 -0.262497 0.0525103 0.410384 0.674503 0.412733 -0.454182
5.26 -10.8948 -0.262997 0.0526104 0.409174 0.675373 0.413324 -0.453443
5.27 -10.8946 -0.263497 0.0527104 0.407963 0.676241 0.413914 -0.452703
5.28 -10.8944 -0.263997 0.0528104 0.406749 0.677106 0.414503 -0.451963
5.29 -10.8942 -0.264497 0.0529104 0.405533 0.677969 0.415091 -0.451222
5.3 -10.894 -0.264997 0.0530104 0.404314 0.678829 0.415677 -0.450481
5.31 -10.8938 -0.265497 0.0531105 0.403093 0.679687 0.416263 -0.44974
5.32 -10.8936 -0.265997 0.0532105 0.40187 0.680543 0.416847 -0.448999
5.33 -10.8934 -0.266497 0.0533105 0.400645 0.681397 0.41743 -0.448257
5.34 -10.8932 -0.266998 0.0534105 0.399418 0.682248 0.418011 -0.447515
5.35 -10.893 -0.267498 0.0535105 0.398188 0.683097 0.418592 -0.446773
5.36 -10.8928 -0.267998 0.0536106 0.396956 0.683944 0.419171 -0.44603
5.37 -10.8926 -0.268498 0.0537106 0.395721 0.684788 0.419749 -0.445287
5.38 -10.8924 -0.268998 0.0538106 0.394484 0.68563 0.420326 -0.444544
5.39 -10.8922 -0.269498 0.0539106 0.393245 0.68647 0.420902 -0.443801
5.4 -10.892 -0.269998 0.0540107 0.392004 0.687307 0.421477 -0.443057
5.41 -10.8918 -0.270498 0.0541107 0.390761 0.688142 0.42205 -0.442313
5.42 -10.8916 -0.270998 0.0542107 0.389515 0.688975 0.422622 -0.441569
5.43 -10.8914 -0.271498 0.0543107 0.388267 0.689805 0.423193 -0.440824
5.44 -10.8912 -0.271998 0.0544107 0.387016 0.690633 0.423763 -0.44008
5.45 -10.891 -0.272498 0.0545108 0.385764 0.691458 0.424331 -0.439335
5.46 -10.8908 -0.272998 0.0546108 0.384509 0.692281 0.424899 -0.43859
5.47 -10.8906 -0.273498 0.0547108 0.383252 0.693102 0.425465 -0.437844
5.48 -10.8904 -0.273998 0.0548108 0.381992 0.69392 0.42603 -0.437099
5.49 -10.8902 -0.274498 0.0549108 0.380731 0.694736 0.426593 -0.436353
5.5 -10.89 -0.274998 0.0550109 0.379467 0.69555 0.427156 -0.435607
5.51 -10.8898 -0.275498 0.0551109 0.378201 0.696361 0.427717 -0.434861
5.52 -10.8896 -0.275998 0.0552109 0.376932 0.69717 0.428277 -0.434114
5.53 -10.8894 -0.276498 0.0553109 0.375661 0.697976 0.428836 -0.433368
5.54 -10.8892 -0.276998 0.0554109 0.374388 0.69878 0.429394 -0.432621
5.55 -10.889 -0.277498 0.055511 0.373113 0.699581 0.42995 -0.431874
5.56 -10.8888 -0.277998 0.055611 0.371836 0.70038 0.430505 -0.431127
5.57 -10.8886 -0.278499 0.055711 0.370556 0.701177 0.431059 -0.43038
5.58 -10.8884 -0.278999 0.055811 0.369274 0.701971 0.431612 -0.429632
5.59 -10.8882 -0.279499 0.055911 0.36799 0.702763 0.432164 -0.428885
5.6 -10.888 -0.279999 0.0560111 0.366704 0.703552 0.432714 -0.428137
5.61 -10.8878 -0.280499 0.0561111 0.365415 0.704339 0.433263 -0.427389
5.62 -10.8876 -0.280999 0.0562111 0.364124 0.705124 0.433811 -0.426641
5.63 -10.8874 -0.281499 0.0563111 0.362831 0.705906 0.434358 -0.425892
5.64 -10.8872 -0.281999 0.0564112 0.361535 0.706685 0.434903 -0.425144
5.65 -10.887 -0.282499 0.0565112 0.360238 0.707462 0.435448 -0.424396
5.66 -10.8868 -0.282999 0.0566112 0.358938 0.708237 0.435991 -0.423647
5.67 -10.8866 -0.283499 0.0567112 0.357636 0.709009 0.436532 -0.422898
5.68 -10.8864 -0.283999 0.0568112 0.356332 0.709778 0.437073 -0.422149
5.69 -10.8862 -0.284499 0.0569113 0.355025 0.710545 0.437612 -0.4214
5.7 -10.886 -0.284999 0.0570113 0.353716 0.71131 0.43815 -0.420651
5.71 -10.8858 -0.285499 0.0571113 0.352405 0.712072 0.438687 -0.419902
5.72 -10.8856 -0.285999 0.0572113 0.351092 0.712831 0.439223 -0.419153
5.73 -10.8854 -0.286499 0.0573113 0.349777 0.713588 0.439757 -0.418404
5.74 -10.8852 -0.286999 0.0574114 0.348459 0.714343 0.440291 -0.417654
5.75 -10.885 -0.287499 0.0575114 0.347139 0.715095 0.440823 -0.416905
5.76 -10.8848 -0.287999 0.0576114 0.345817 0.715844 0.441353 -0.416155
5.77 -10.8846 -0.288499 0.0577114 0.344493 0.716591 0.441883 -0.415405
5.78 -10.8844 -0.288999 0.0578114 0.343166 0.717336 0.442411 -0.414656
5.79 -10.8842 -0.289499 0.0579115 0.341837 0.718077 0.442938 -0.413906
5.8 -10.884 -0.289999 0.0580115 0.340506 0.718817 0.443464 -0.413156
5.81 -10.8838 -0.2905 0.0581115 0.339173 0.719553 0.443988 -0.412406
5.82 -10.8836 -0.291 0.0582115 0.337838 0.720288 0.444512 -0.411656
5.83 -10.8834 -0.2915 0.0583115 0.3365 0.721019 0.445034 -0.410906
5.84 -10.8832 -0.292 0.0584116 0.33516 0.721748 0.445555 -0.410156
5.85 -10.883 -0.2925 0.0585116 0.333818 0.722475 0.446074 -0.409406
5.86 -10.8828 -0.293 0.0586116 0.332474 0.723198 0.446592 -0.408656
5.87 -10.8826 -0.2935 0.0587116 0.331128 0.72392 0.44711 -0.407906
5.88 -10.8824 -0.294 0.0588117 0.329779 0.724638 0.447625 -0.407156
5.89 -10.8822 -0.2945 0.0589117 0.328429 0.725354 0.44814 -0.406406
5.9 -10.882 -0.295 0.0590117 0.327076 0.726068 0.448653 -0.405656
5.91 -10.8818 -0.2955 0.0591117 0.325721 0.726779 0.449166 -0.404906
5.92 -10.8816 -0.296 0.0592117 0.324363 0.727487 0.449676 -0.404156
5.93 -10.8814 -0.2965 0.0593118 0.323004 0.728193 0.450186 -0.403406
5.94 -10.8812 -0.297 0.0594118 0.321642 0.728896 0.450695 -0.402656
5.95 -10.881 -0.2975 0.0595118 0.320278 0.729596 0.451202 -0.401906
5.96 -10.8808 -0.298 0.0596118 0.318912 0.730294 0.451708 -0.401157
5.97 -10.8806 -0.2985 0.0597118 0.317544 0.730989 0.452212 -0.400407
5.98 -10.8804 -0.299 0.0598119 0.316173 0.731681 0.452716 -0.399657
5.99 -10.8802 -0.2995 0.0599119 0.314801 0.732371 0.453218 -0.398907
6 -10.88 -0.3 0.0600119 0.313426 0.733058 0.453719 -0.398157
6.01 -10.8798 -0.3005 0.0601119 0.312049 0.733742 0.454218 -0.397408
6.02 -10.8796 -0.301 0.0602119 0.31067 0.734424 0.454717 -0.396658
6.03 -10.8794 -0.3015 0.060312 0.309289 0.735103 0.455214 -0.395909
6.04 -10.8792 -0.302001 0.060412 0.307905 0.73578 0.45571 -0.395159
6.05 -10.879 -0.302501 0.060512 0.30652 0.736453 0.456205 -0.39441
6.06 -10.8788 -0.303001 0.060612 0.305132 0.737124 0.456698 -0.393661
6.07 -10.8786 -0.303501 0.060712 0.303742 0.737793 0.45719 -0.392912
6.08 -10.8784 -0.304001 0.0608121 0.30235 0.738458 0.457681 -0.392163
6.09 -10.8782 -0.304501 0.0609121 0.300956 0.739121 0.458171 -0.391414
6.1 -10.878 -0.305001 0.0610121 0.29956 0.739781 0.458659 -0.390665
6.11 -10.8778 -0.305501 0.0611121 0.298161 0.740439 0.459146 -0.389916
6.12 -10.8776 -0.306001 0.0612122 0.296761 0.741094 0.459632 -0.389168
6.13 -10.8774 -0.306501 0.0613122 0.295358 0.741746 0.460117 -0.38842
6.14 -10.8772 -0.307001 0.0614122 0.293953 0.742395 0.4606 -0.387671
6.15 -10.877 -0.307501 0.0615122 0.292546 0.743041 0.461082 -0.386923
6.16 -10.8768 -0.308001 0.0616122 0.291137 0.743685 0.461563 -0.386175
6.17 -10.8766 -0.308501 0.0617123 0.289725 0.744326 0.462043 -0.385427
6.18 -10.8764 -0.309001 0.0618123 0.288312 0.744964 0.462521 -0.38468
6.19 -10.8762 -0.309501 0.0619123 0.286896 0.7456 0.462998 -0.383932
6.2 -10.876 -0.310001 0.0620123 0.285479 0.746233 0.463474 -0.383185
6.21 -10.8758 -0.310501 0.0621123 0.284059 0.746863 0.463949 -0.382438
6.22 -10.8756 -0.311001 0.0622124 0.282637 0.74749 0.464422 -0.381691
6.23 -10.8754 -0.311501 0.0623124 0.281213 0.748114 0.464894 -0.380944
6.24 -10.8752 -0.312001 0.0624124 0.279787 0.748736 0.465365 -0.380197
6.25 -10.875 -0.312501 0.0625124 0.278358 0.749354 0.465834 -0.379451
6.26 -10.8748 -0.313001 0.0626124 0.276928 0.74997 0.466303 -0.378705
6.27 -10.8746 -0.313501 0.0627125 0.275495 0.750583 0.46677 -0.377959
6.28 -10.8744 -0.314002 0.0628125 0.274061 0.751194 0.467235 -0.377213
6.29 -10.8742 -0.314502 0.0629125 0.272624 0.751801 0.4677 -0.376467
6.3 -10.874 -0.315002 0.0630125 0.271185 0.752406 0.468163 -0.375722
6.31 -10.8738 -0.315502 0.0631125 0.269744 0.753008 0.468625 -0.374977
6.32 -10.8736 -0.316002 0.0632126 0.268301 0.753607 0.469086 -0.374232
6.33 -10.8734 -0.316502 0.0633126 0.266856 0.754203 0.469545 -0.373488
6.34 -10.8732 -0.317002 0.0634126 0.265409 0.754796 0.470004 -0.372743
6.35 -10.873 -0.317502 0.0635126 0.26396 0.755386 0.470461 -0.371999
6.36 -10.8728 -0.318002 0.0636127 0.262508 0.755974 0.470916 -0.371255
6.37 -10.8726 -0.318502 0.0637127 0.261055 0.756559 0.471371 -0.370512
6.38 -10.8724 -0.319002 0.0638127 0.259599 0.75714 0.471824 -0.369768
6.39 -10.8722 -0.319502 0.0639127 0.258142 0.757719 0.472276 -0.369025
6.4 -10.872 -0.320002 0.0640127 0.256682 0.758295 0.472727 -0.368283
6.41 -10.8718 -0.320502 0.0641128 0.25522 0.758868 0.473176 -0.36754
6.42 -10.8716 -0.321002 0.0642128 0.253756 0.759439 0.473624 -0.366798
6.43 -10.8714 -0.321502 0.0643128 0.25229 0.760006 0.474071 -0.366056
6.44 -10.8712 -0.322002 0.0644128 0.250822 0.76057 0.474517 -0.365315
6.45 -10.871 -0.322502 0.0645128 0.249352 0.761132 0.474961 -0.364574
6.46 -10.8708 -0.323002 0.0646129 0.24788 0.76169 0.475404 -0.363833
6.47 -10.8706 -0.323502 0.0647129 0.246406 0.762246 0.475846 -0.363092
6.48 -10.8704 -0.324002 0.0648129 0.24493 0.762799 0.476287 -0.362352
6.49 -10.8702 -0.324502 0.0649129 0.243452 0.763348 0.476726 -0.361612
6.5 -10.87 -0.325002 0.0650129 0.241971 0.763895 0.477164 -0.360872
6.51 -10.8698 -0.325503 0.065113 0.240489 0.764439 0.477601 -0.360133
6.52 -10.8696 -0.326003 0.065213 0.239005 0.76498 0.478036 -0.359394
6.53 -10.8694 -0.326503 0.065313 0.237518 0.765517 0.478471 -0.358656
6.54 -10.8692 -0.327003 0.065413 0.23603 0.766052 0.478904 -0.357918
6.55 -10.869 -0.327503 0.065513 0.234539 0.766584 0.479335 -0.35718
6.56 -10.8688 -0.328003 0.0656131 0.233047 0.767113 0.479766 -0.356443
6.57 -10.8686 -0.328503 0.0657131 0.231552 0.767639 0.480195 -0.355706
6.58 -10.8684 -0.329003 0.0658131 0.230056 0.768162 0.480623 -0.354969
6.59 -10.8682 -0.329503 0.0659131 0.228557 0.768682 0.48105 -0.354233
6.6 -10.868 -0.330003 0.0660132 0.227056 0.769199 0.481475 -0.353497
6.61 -10.8678 -0.330503 0.0661132 0.225554 0.769713 0.4819 -0.352761
6.62 -10.8676 -0.331003 0.0662132 0.224049 0.770223 0.482323 -0.352026
6.63 -10.8674 -0.331503 0.0663132 0.222542 0.770731 0.482744 -0.351292
6.64 -10.8672 -0.332003 0.0664132 0.221034 0.771236 0.483165 -0.350558
6.65 -10.867 -0.332503 0.0665133 0.219523 0.771738 0.483584 -0.349824
6.66 -10.8668 -0.333003 0.0666133 0.218011 0.772236 0.484002 -0.349091
6.67 -10.8666 -0.333503 0.0667133 0.216496 0.772732 0.484419 -0.348358
6.68 -10.8664 -0.334003 0.0668133 0.214979 0.773225 0.484834 -0.347625
6.69 -10.8662 -0.334503 0.0669133 0.213461 0.773714 0.485248 -0.346893
6.7 -10.866 -0.335003 0.0670134 0.21194 0.774201 0.485661 -0.346162
6.71 -10.8658 -0.335503 0.0671134 0.210417 0.774684 0.486073 -0.345431
6.72 -10.8656 -0.336003 0.0672134 0.208893 0.775164 0.486483 -0.3447
6.73 -10.8654 -0.336503 0.0673134 0.207366 0.775641 0.486892 -0.34397
6.74 -10.8652 -0.337003 0.0674134 0.205838 0.776115 0.4873 -0.343241
6.75 -10.865 -0.337504 0.0675135 0.204307 0.776586 0.487707 -0.342512
6.76 -10.8648 -0.338004 0.0676135 0.202775 0.777054 0.488113 -0.341783
6.77 -10.8646 -0.338504 0.0677135 0.201241 0.777519 0.488517 -0.341055
6.78 -10.8644 -0.339004 0.0678135 0.199704 0.77798 0.48892 -0.340327
6.79 -10.8642 -0.339504 0.0679135 0.198166 0.778439 0.489321 -0.3396
6.8 -10.864 -0.340004 0.0680136 0.196626 0.778894 0.489722 -0.338874
6.81 -10.8638 -0.340504 0.0681136 0.195083 0.779346 0.490121 -0.338148
6.82 -10.8636 -0.341004 0.0682136 0.193539 0.779795 0.490519 -0.337422
6.83 -10.8634 -0.341504 0.0683136 0.191993 0.780241 0.490915 -0.336697
6.84 -10.8632 -0.342004 0.0684137 0.190445 0.780684 0.491311 -0.335973
6.85 -10.863 -0.342504 0.0685137 0.188895 0.781123 0.491705 -0.335249
6.86 -10.8628 -0.343004 0.0686137 0.187343 0.781559 0.492098 -0.334525
6.87 -10.8626 -0.343504 0.0687137 0.185789 0.781992 0.49249 -0.333803
6.88 -10.8624 -0.344004 0.0688137 0.184234 0.782422 0.49288 -0.33308
6.89 -10.8622 -0.344504 0.0689138 0.182676 0.782849 0.493269 -0.332359
6.9 -10.862 -0.345004 0.0690138 0.181116 0.783273 0.493657 -0.331638
6.91 -10.8618 -0.345504 0.0691138 0.179555 0.783693 0.494044 -0.330917
6.92 -10.8616 -0.346004 0.0692138 0.177992 0.78411 0.494429 -0.330197
6.93 -10.8614 -0.346504 0.0693138 0.176426 0.784524 0.494813 -0.329478
6.94 -10.8612 -0.347004 0.0694139 0.174859 0.784935 0.495196 -0.328759
6.95 -10.861 -0.347504 0.0695139 0.17329 0.785342 0.495578 -0.328041
6.96 -10.8608 -0.348004 0.0696139 0.171719 0.785746 0.495959 -0.327324
6.97 -10.8606 -0.348504 0.0697139 0.170146 0.786147 0.496338 -0.326607
6.98 -10.8604 -0.349005 0.0698139 0.168571 0.786545 0.496716 -0.325891
6.99 -10.8602 -0.349505 0.069914 0.166995 0.786939 0.497093 -0.325175
7 -10.86 -0.350005 0.070014 0.165416 0.78733 0.497468 -0.32446
7.01 -10.8598 -0.350505 0.070114 0.163836 0.787718 0.497842 -0.323746
7.02 -10.8596 -0.351005 0.070214 0.162254 0.788102 0.498215 -0.323032
7.03 -10.8594 -0.351505 0.070314 0.16067 0.788484 0.498587 -0.322319
7.04 -10.8592 -0.352005 0.0704141 0.159084 0.788862 0.498958 -0.321607
7.05 -10.859 -0.352505 0.0705141 0.157496 0.789236 0.499327 -0.320895
7.06 -10.8588 -0.353005 0.0706141 0.155906 0.789608 0.499695 -0.320184
7.07 -10.8586 -0.353505 0.0707141 0.154315 0.789976 0.500062 -0.319473
7.08 -10.8584 -0.354005 0.0708142 0.152721 0.79034 0.500428 -0.318764
7.09 -10.8582 -0.354505 0.0709142 0.151126 0.790702 0.500792 -0.318055
7.1 -10.858 -0.355005 0.0710142 0.149529 0.79106 0.501155 -0.317347
7.11 -10.8578 -0.355505 0.0711142 0.14793 0.791414 0.501517 -0.316639
7.12 -10.8576 -0.356005 0.0712142 0.14633 0.791766 0.501878 -0.315932
7.13 -10.8574 -0.356505 0.0713143 0.144727 0.792114 0.502238 -0.315226
7.14 -10.8572 -0.357005 0.0714143 0.143123 0.792458 0.502596 -0.314521
7.15 -10.857 -0.357505 0.0715143 0.141517 0.792799 0.502953 -0.313816
7.16 -10.8568 -0.358005 0.0716143 0.139909 0.793137 0.503309 -0.313112
7.17 -10.8566 -0.358505 0.0717143 0.138299 0.793472 0.503663 -0.312409
7.18 -10.8564 -0.359005 0.0718144 0.136688 0.793803 0.504017 -0.311706
7.19 -10.8562 -0.359505 0.0719144 0.135074 0.79413 0.504369 -0.311004
7.2 -10.856 -0.360005 0.0720144 0.133459 0.794455 0.50472 -0.310303
7.21 -10.8558 -0.360505 0.0721144 0.131842 0.794776 0.50507 -0.309603
7.22 -10.8556 -0.361006 0.0722144 0.130224 0.795093 0.505418 -0.308904
7.23 -10.8554 -0.361506 0.0723145 0.128603 0.795407 0.505765 -0.308205
7.24 -10.8552 -0.362006 0.0724145 0.126981 0.795718 0.506111 -0.307507
7.25 -10.855 -0.362506 0.0725145 0.125357 0.796025 0.506456 -0.30681
7.26 -10.8548 -0.363006 0.0726145 0.123731 0.796328 0.5068 -0.306114
7.27 -10.8546 -0.363506 0.0727145 0.122104 0.796629 0.507142 -0.305418
7.28 -10.8544 -0.364006 0.0728146 0.120475 0.796925 0.507484 -0.304723
7.29 -10.8542 -0.364506 0.0729146 0.118844 0.797219 0.507824 -0.30403
7.3 -10.854 -0.365006 0.0730146 0.117211 0.797508 0.508162 -0.303336
7.31 -10.8538 -0.365506 0.0731146 0.115577 0.797795 0.5085 -0.302644
7.32 -10.8536 -0.366006 0.0732147 0.11394 0.798078 0.508836 -0.301953
7.33 -10.8534 -0.366506 0.0733147 0.112302 0.798357 0.509172 -0.301262
7.34 -10.8532 -0.367006 0.0734147 0.110663 0.798633 0.509505 -0.300572
7.35 -10.853 -0.367506 0.0735147 0.109022 0.798905 0.509838 -0.299883
7.36 -10.8528 -0.368006 0.0736147 0.107378 0.799174 0.51017 -0.299195
7.37 -10.8526 -0.368506 0.0737148 0.105734 0.799439 0.5105 -0.298508
7.38 -10.8524 -0.369006 0.0738148 0.104087 0.799701 0.510829 -0.297822
7.39 -10.8522 -0.369506 0.0739148 0.102439 0.799959 0.511157 -0.297136
7.4 -10.852 -0.370006 0.0740148 0.100789 0.800214 0.511484 -0.296452
7.41 -10.8518 -0.370506 0.0741148 0.0991378 0.800465 0.51181 -0.295768
7.42 -10.8516 -0.371006 0.0742149 0.0974846 0.800712 0.512134 -0.295085
7.43 -10.8514 -0.371506 0.0743149 0.0958298 0.800956 0.512457 -0.294403
7.44 -10.8512 -0.372006 0.0744149 0.0941732 0.801197 0.512779 -0.293722
7.45 -10.851 -0.372507 0.0745149 0.092515 0.801434 0.5131 -0.293042
7.46 -10.8508 -0.373007 0.0746149 0.0908552 0.801667 0.51342 -0.292363
7.47 -10.8506 -0.373507 0.074715 0.0891937 0.801897 0.513738 -0.291684
7.48 -10.8504 -0.374007 0.074815 0.0875305 0.802123 0.514055 -0.291007
7.49 -10.8502 -0.374507 0.074915 0.0858658 0.802345 0.514371 -0.29033
7.5 -10.85 -0.375007 0.075015 0.0841993 0.802564 0.514686 -0.289655
7.51 -10.8498 -0.375507 0.075115 0.0825313 0.802779 0.515 -0.28898
7.52 -10.8496 -0.376007 0.0752151 0.0808616 0.802991 0.515312 -0.288307
7.53 -10.8494 -0.376507 0.0753151 0.0791903 0.803198 0.515624 -0.287634
7.54 -10.8492 -0.377007 0.0754151 0.0775174 0.803403 0.515934 -0.286962
7.55 -10.849 -0.377507 0.0755151 0.0758429 0.803603 0.516243 -0.286291
7.56 -10.8488 -0.378007 0.0756152 0.0741668 0.8038 0.516551 -0.285622
7.57 -10.8486 -0.378507 0.0757152 0.072489 0.803994 0.516857 -0.284953
7.58 -10.8484 -0.379007 0.0758152 0.0708098 0.804183 0.517163 -0.284285
7.59 -10.8482 -0.379507 0.0759152 0.0691289 0.804369 0.517467 -0.283618
7.6 -10.848 -0.380007 0.0760152 0.0674464 0.804552 0.51777 -0.282952
7.61 -10.8478 -0.380507 0.0761153 0.0657624 0.80473 0.518072 -0.282287
7.62 -10.8476 -0.381007 0.0762153 0.0640768 0.804905 0.518373 -0.281624
7.63 -10.8474 -0.381507 0.0763153 0.0623896 0.805076 0.518672 -0.280961
7.64 -10.8472 -0.382007 0.0764153 0.060701 0.805244 0.518971 -0.280299
7.65 -10.847 -0.382507 0.0765153 0.0590107 0.805407 0.519268 -0.279638
7.66 -10.8468 -0.383007 0.0766154 0.0573189 0.805567 0.519564 -0.278978
7.67 -10.8466 -0.383507 0.0767154 0.0556256 0.805724 0.519859 -0.27832
7.68 -10.8464 -0.384007 0.0768154 0.0539307 0.805876 0.520153 -0.277662
7.69 -10.8462 -0.384508 0.0769154 0.0522344 0.806025 0.520446 -0.277005
7.7 -10.846 -0.385008 0.0770154 0.0505365 0.80617 0.520737 -0.27635
7.71 -10.8458 -0.385508 0.0771155 0.0488371 0.806311 0.521027 -0.275695
7.72 -10.8456 -0.386008 0.0772155 0.0471361 0.806449 0.521317 -0.275042
7.73 -10.8454 -0.386508 0.0773155 0.0454337 0.806582 0.521605 -0.274389
7.74 -10.8452 -0.387008 0.0774155 0.0437299 0.806712 0.521892 -0.273738
7.75 -10.845 -0.387508 0.0775155 0.0420245 0.806838 0.522177 -0.273088
7.76 -10.8448 -0.388008 0.0776156 0.0403176 0.80696 0.522462 -0.272439
7.77 -10.8446 -0.388508 0.0777156 0.0386093 0.807079 0.522745 -0.271791
7.78 -10.8444 -0.389008 0.0778156 0.0368995 0.807194 0.523028 -0.271144
7.79 -10.8442 -0.389508 0.0779156 0.0351883 0.807304 0.523309 -0.270498
7.8 -10.844 -0.390008 0.0780156 0.0334756 0.807411 0.523589 -0.269853
7.81 -10.8438 -0.390508 0.0781157 0.0317615 0.807515 0.523868 -0.269209
7.82 -10.8436 -0.391008 0.0782157 0.0300459 0.807614 0.524146 -0.268567
7.83 -10.8434 -0.391508 0.0783157 0.0283289 0.807709 0.524422 -0.267926
7.84 -10.8432 -0.392008 0.0784157 0.0266104 0.807801 0.524698 -0.267285
7.85 -10.843 -0.392508 0.0785158 0.0248906 0.807889 0.524972 -0.266646
7.86 -10.8428 -0.393008 0.0786158 0.0231693 0.807973 0.525246 -0.266008
7.87 -10.8426 -0.393508 0.0787158 0.0214467 0.808053 0.525518 -0.265372
7.88 -10.8424 -0.394008 0.0788158 0.0197227 0.808129 0.525789 -0.264736
7.89 -10.8422 -0.394508 0.0789158 0.0179972 0.808201 0.526059 -0.264101
7.9 -10.842 -0.395008 0.0790159 0.0162704 0.808269 0.526328 -0.263468
7.91 -10.8418 -0.395508 0.0791159 0.0145422 0.808334 0.526595 -0.262836
7.92 -10.8416 -0.396009 0.0792159 0.0128126 0.808394 0.526862 -0.262205
7.93 -10.8414 -0.396509 0.0793159 0.0110817 0.808451 0.527127 -0.261575
7.94 -10.8412 -0.397009 0.0794159 0.00934945 0.808503 0.527392 -0.260947
7.95 -10.841 -0.397509 0.079516 0.00761583 0.808552 0.527655 -0.26032
7.96 -10.8408 -0.398009 0.079616 0.00588088 0.808597 0.527917 -0.259693
7.97 -10.8406 -0.398509 0.079716 0.00414461 0.808637 0.528178 -0.259068
7.98 -10.8404 -0.399009 0.079816 0.002407 0.808674 0.528438 -0.258445
7.99 -10.8402 -0.399509 0.079916 0.000668073 0.808707 0.528697 -0.257822
8 -10.84 -0.400009 0.0800161 -0.00107216 0.808736 0.528954 -0.257201
8.01 -10.8398 -0.400509 0.0801161 -0.00281367 0.808761 0.529211 -0.256581
8.02 -10.8396 -0.401009 0.0802161 -0.0045565 0.808782 0.529467 -0.255962
8.03 -10.8394 -0.401509 0.0803161 -0.00630061 0.808798 0.529721 -0.255345
8.04 -10.8392 -0.402009 0.0804161 -0.008046 0.808811 0.529974 -0.254728
8.05 -10.839 -0.402509 0.0805162 -0.00979264 0.80882 0.530227 -0.254113
8.06 -10.8388 -0.403009 0.0806162 -0.0115406 0.808825 0.530478 -0.253499
8.07 -10.8386 -0.403509 0.0807162 -0.0132897 0.808826 0.530728 -0.252887
8.08 -10.8384 -0.404009 0.0808162 -0.0150401 0.808823 0.530977 -0.252276
8.09 -10.8382 -0.404509 0.0809163 -0.0167918 0.808815 0.531225 -0.251666
8.1 -10.838 -0.405009 0.0810163 -0.0185447 0.808804 0.531472 -0.251057
8.11 -10.8378 -0.405509 0.0811163 -0.0202988 0.808789 0.531718 -0.25045
8.12 -10.8376 -0.406009 0.0812163 -0.0220541 0.808769 0.531962 -0.249844
8.13 -10.8374 -0.406509 0.0813163 -0.0238106 0.808746 0.532206 -0.249239
8.14 -10.8372 -0.407009 0.0814164 -0.0255683 0.808718 0.532449 -0.248635
8.15 -10.837 -0.40751 0.0815164 -0.0273272 0.808687 0.53269 -0.248033
8.16 -10.8368 -0.40801 0.0816164 -0.0290873 0.808651 0.532931 -0.247432
8.17 -10.8366 -0.40851 0.0817164 -0.0308486 0.808611 0.53317 -0.246833
8.18 -10.8364 -0.40901 0.0818164 -0.032611 0.808567 0.533408 -0.246235
8.19 -10.8362 -0.40951 0.0819165 -0.0343746 0.808519 0.533646 -0.245638
8.2 -10.836 -0.41001 0.0820165 -0.0361393 0.808467 0.533882 -0.245042
8.21 -10.8358 -0.41051 0.0821165 -0.0379052 0.80841 0.534117 -0.244448
8.22 -10.8356 -0.41101 0.0822165 -0.0396722 0.80835 0.534351 -0.243855
8.23 -10.8354 -0.41151 0.0823165 -0.0414403 0.808285 0.534584 -0.243264
8.24 -10.8352 -0.41201 0.0824166 -0.0432095 0.808216 0.534816 -0.242674
8.25 -10.835 -0.41251 0.0825166 -0.0449799 0.808144 0.535047 -0.242085
8.26 -10.8348 -0.41301 0.0826166 -0.0467513 0.808066 0.535277 -0.241498
8.27 -10.8346 -0.41351 0.0827166 -0.0485239 0.807985 0.535506 -0.240912
8.28 -10.8344 -0.41401 0.0828166 -0.0502974 0.8079 0.535734 -0.240327
8.29 -10.8342 -0.41451 0.0829167 -0.0520721 0.80781 0.535961 -0.239744
8.3 -10.834 -0.41501 0.0830167 -0.0538478 0.807716 0.536187 -0.239162
8.31 -10.8338 -0.41551 0.0831167 -0.0556246 0.807618 0.536412 -0.238582
8.32 -10.8336 -0.41601 0.0832167 -0.0574024 0.807516 0.536635 -0.238003
8.33 -10.8334 -0.41651 0.0833168 -0.0591813 0.80741 0.536858 -0.237425
8.34 -10.8332 -0.41701 0.0834168 -0.0609612 0.807299 0.53708 -0.236849
8.35 -10.833 -0.41751 0.0835168 -0.0627421 0.807184 0.537301 -0.236274
8.36 -10.8328 -0.41801 0.0836168 -0.064524 0.807065 0.53752 -0.235701
8.37 -10.8326 -0.41851 0.0837168 -0.0663069 0.806941 0.537739 -0.235129
8.38 -10.8324 -0.41901 0.0838169 -0.0680907 0.806814 0.537957 -0.234559
8.39 -10.8322 -0.419511 0.0839169 -0.0698756 0.806682 0.538173 -0.23399
8.4 -10.832 -0.420011 0.0840169 -0.0716614 0.806546 0.538389 -0.233422
8.41 -10.8318 -0.420511 0.0841169 -0.0734482 0.806405 0.538604 -0.232856
8.42 -10.8316 -0.421011 0.0842169 -0.075236 0.806261 0.538817 -0.232292
8.43 -10.8314 -0.421511 0.084317 -0.0770246 0.806112 0.53903 -0.231728
8.44 -10.8312 -0.422011 0.084417 -0.0788142 0.805958 0.539242 -0.231167
8.45 -10.831 -0.422511 0.084517 -0.0806048 0.805801 0.539452 -0.230606
8.46 -10.8308 -0.423011 0.084617 -0.0823962 0.805639 0.539662 -0.230048
8.47 -10.8306 -0.423511 0.084717 -0.0841886 0.805473 0.539871 -0.229491
8.48 -10.8304 -0.424011 0.0848171 -0.0859818 0.805302 0.540078 -0.228935
8.49 -10.8302 -0.424511 0.0849171 -0.0877759 0.805127 0.540285 -0.228381
8.5 -10.83 -0.425011 0.0850171 -0.0895709 0.804948 0.540491 -0.227828
8.51 -10.8298 -0.425511 0.0851171 -0.0913667 0.804764 0.540696 -0.227277
8.52 -10.8296 -0.426011 0.0852171 -0.0931634 0.804576 0.540899 -0.226727
8.53 -10.8294 -0.426511 0.0853172 -0.0949609 0.804384 0.541102 -0.226179
8.54 -10.8292 -0.427011 0.0854172 -0.0967593 0.804188 0.541304 -0.225632
8.55 -10.829 -0.427511 0.0855172 -0.0985585 0.803987 0.541505 -0.225087
8.56 -10.8288 -0.428011 0.0856172 -0.100358 0.803781 0.541705 -0.224543
8.57 -10.8286 -0.428511 0.0857173 -0.102159 0.803571 0.541904 -0.224001
8.58 -10.8284 -0.429011 0.0858173 -0.103961 0.803357 0.542102 -0.223461
8.59 -10.8282 -0.429511 0.0859173 -0.105763 0.803139 0.542299 -0.222922
8.6 -10.828 -0.430011 0.0860173 -0.107566 0.802916 0.542495 -0.222384
8.61 -10.8278 -0.430511 0.0861173 -0.10937 0.802688 0.54269 -0.221848
8.62 -10.8276 -0.431012 0.0862174 -0.111175 0.802457 0.542885 -0.221314
8.63 -10.8274 -0.431512 0.0863174 -0.11298 0.80222 0.543078 -0.220781
8.64 -10.8272 -0.432012 0.0864174 -0.114786 0.80198 0.54327 -0.22025
8.65 -10.827 -0.432512 0.0865174 -0.116593 0.801735 0.543462 -0.219721
8.66 -10.8268 -0.433012 0.0866174 -0.118401 0.801485 0.543652 -0.219193
8.67 -10.8266 -0.433512 0.0867175 -0.120209 0.801231 0.543842 -0.218666
8.68 -10.8264 -0.434012 0.0868175 -0.122018 0.800973 0.54403 -0.218142
8.69 -10.8262 -0.434512 0.0869175 -0.123827 0.80071 0.544218 -0.217618
8.7 -10.826 -0.435012 0.0870175 -0.125638 0.800442 0.544405 -0.217097
8.71 -10.8258 -0.435512 0.0871175 -0.127449 0.80017 0.544591 -0.216577
8.72 -10.8256 -0.436012 0.0872176 -0.12926 0.799894 0.544776 -0.216058
8.73 -10.8254 -0.436512 0.0873176 -0.131072 0.799613 0.54496 -0.215542
8.74 -10.8252 -0.437012 0.0874176 -0.132885 0.799328 0.545143 -0.215027
8.75 -10.825 -0.437512 0.0875176 -0.134698 0.799038 0.545325 -0.214513
8.76 -10.8248 -0.438012 0.0876176 -0.136512 0.798743 0.545506 -0.214001
8.77 -10.8246 -0.438512 0.0877177 -0.138327 0.798444 0.545687 -0.213491
8.78 -10.8244 -0.439012 0.0878177 -0.140142 0.798141 0.545866 -0.212982
8.79 -10.8242 -0.439512 0.0879177 -0.141958 0.797833 0.546045 -0.212475
8.8 -10.824 -0.440012 0.0880177 -0.143774 0.79752 0.546222 -0.21197
8.81 -10.8238 -0.440512 0.0881178 -0.145591 0.797203 0.546399 -0.211467
8.82 -10.8236 -0.441012 0.0882178 -0.147408 0.796882 0.546575 -0.210965
8.83 -10.8234 -0.441512 0.0883178 -0.149226 0.796556 0.54675 -0.210464
8.84 -10.8232 -0.442012 0.0884178 -0.151044 0.796225 0.546924 -0.209966
8.85 -10.823 -0.442512 0.0885178 -0.152863 0.795889 0.547098 -0.209469
8.86 -10.8228 -0.443013 0.0886179 -0.154682 0.79555 0.54727 -0.208974
8.87 -10.8226 -0.443513 0.0887179 -0.156502 0.795205 0.547441 -0.20848
8.88 -10.8224 -0.444013 0.0888179 -0.158322 0.794856 0.547612 -0.207988
8.89 -10.8222 -0.444513 0.0889179 -0.160143 0.794502 0.547782 -0.207498
8.9 -10.822 -0.445013 0.0890179 -0.161964 0.794144 0.547951 -0.207009
8.91 -10.8218 -0.445513 0.089118 -0.163785 0.793781 0.548119 -0.206523
8.92 -10.8216 -0.446013 0.089218 -0.165607 0.793413 0.548286 -0.206038
8.93 -10.8214 -0.446513 0.089318 -0.16743 0.793041 0.548453 -0.205554
8.94 -10.8212 -0.447013 0.089418 -0.169252 0.792665 0.548618 -0.205073
8.95 -10.821 -0.447513 0.089518 -0.171075 0.792283 0.548783 -0.204593
8.96 -10.8208 -0.448013 0.0896181 -0.172899 0.791897 0.548947 -0.204114
8.97 -10.8206 -0.448513 0.0897181 -0.174722 0.791506 0.54911 -0.203638
8.98 -10.8204 -0.449013 0.0898181 -0.176547 0.791111 0.549272 -0.203163
8.99 -10.8202 -0.449513 0.0899181 -0.178371 0.790711 0.549433 -0.20269
9 -10.82 -0.450013 0.0900181 -0.180196 0.790306 0.549594 -0.202219
9.01 -10.8198 -0.450513 0.0901182 -0.182021 0.789897 0.549753 -0.20175
9.02 -10.8196 -0.451013 0.0902182 -0.183846 0.789483 0.549912 -0.201282
9.03 -10.8194 -0.451513 0.0903182 -0.185671 0.789064 0.55007 -0.200816
9.04 -10.8192 -0.452013 0.0904182 -0.187497 0.78864 0.550227 -0.200352
9.05 -10.819 -0.452513 0.0905183 -0.189323 0.788212 0.550384 -0.199889
9.06 -10.8188 -0.453013 0.0906183 -0.19115 0.787779 0.550539 -0.199429
9.07 -10.8186 -0.453513 0.0907183 -0.192976 0.787342 0.550694 -0.19897
9.08 -10.8184 -0.454013 0.0908183 -0.194803 0.7869 0.550848 -0.198513
9.09 -10.8182 -0.454514 0.0909183 -0.19663 0.786453 0.551001 -0.198057
9.1 -10.818 -0.455014 0.0910184 -0.198457 0.786001 0.551154 -0.197604
9.11 -10.8178 -0.455514 0.0911184 -0.200284 0.785544 0.551305 -0.197152
9.12 -10.8176 -0.456014 0.0912184 -0.202111 0.785083 0.551456 -0.196702
9.13 -10.8174 -0.456514 0.0913184 -0.203939 0.784617 0.551606 -0.196254
9.14 -10.8172 -0.457014 0.0914184 -0.205766 0.784147 0.551755 -0.195807
9.15 -10.817 -0.457514 0.0915185 -0.207594 0.783671 0.551904 -0.195363
9.16 -10.8168 -0.458014 0.0916185 -0.209422 0.783191 0.552051 -0.19492
9.17 -10.8166 -0.458514 0.0917185 -0.21125 0.782706 0.552198 -0.194479
9.18 -10.8164 -0.459014 0.0918185 -0.213078 0.782216 0.552345 -0.19404
9.19 -10.8162 -0.459514 0.0919185 -0.214906 0.781721 0.55249 -0.193603
9.2 -10.816 -0.460014 0.0920186 -0.216734 0.781222 0.552635 -0.193167
9.21 -10.8158 -0.460514 0.0921186 -0.218562 0.780718 0.552778 -0.192734
9.22 -10.8156 -0.461014 0.0922186 -0.22039 0.780209 0.552921 -0.192302
9.23 -10.8154 -0.461514 0.0923186 -0.222218 0.779695 0.553064 -0.191872
9.24 -10.8152 -0.462014 0.0924186 -0.224046 0.779177 0.553205 -0.191444
9.25 -10.815 -0.462514 0.0925187 -0.225874 0.778653 0.553346 -0.191017
9.26 -10.8148 -0.463014 0.0926187 -0.227702 0.778125 0.553486 -0.190593
9.27 -10.8146 -0.463514 0.0927187 -0.22953 0.777592 0.553626 -0.19017
9.28 -10.8144 -0.464014 0.0928187 -0.231358 0.777054 0.553764 -0.18975
9.29 -10.8142 -0.464514 0.0929188 -0.233186 0.776512 0.553902 -0.189331
9.3 -10.814 -0.465014 0.0930188 -0.235013 0.775964 0.554039 -0.188914
9.31 -10.8138 -0.465514 0.0931188 -0.236841 0.775412 0.554176 -0.188499
9.32 -10.8136 -0.466014 0.0932188 -0.238668 0.774855 0.554312 -0.188086
9.33 -10.8134 -0.466515 0.0933188 -0.240496 0.774293 0.554447 -0.187674
9.34 -10.8132 -0.467015 0.0934189 -0.242323 0.773726 0.554581 -0.187265
9.35 -10.813 -0.467515 0.0935189 -0.24415 0.773154 0.554715 -0.186857
9.36 -10.8128 -0.468015 0.0936189 -0.245976 0.772577 0.554847 -0.186451
9.37 -10.8126 -0.468515 0.0937189 -0.247803 0.771996 0.55498 -0.186048
9.38 -10.8124 -0.469015 0.0938189 -0.249629 0.771409 0.555111 -0.185646
9.39 -10.8122 -0.469515 0.093919 -0.251455 0.770818 0.555242 -0.185246
9.4 -10.812 -0.470015 0.094019 -0.253281 0.770222 0.555372 -0.184847
9.41 -10.8118 -0.470515 0.094119 -0.255107 0.769621 0.555501 -0.184451
9.42 -10.8116 -0.471015 0.094219 -0.256932 0.769015 0.55563 -0.184057
9.43 -10.8114 -0.471515 0.094319 -0.258757 0.768404 0.555758 -0.183664
9.44 -10.8112 -0.472015 0.0944191 -0.260582 0.767788 0.555886 -0.183274
9.45 -10.811 -0.472515 0.0945191 -0.262406 0.767168 0.556012 -0.182885
9.46 -10.8108 -0.473015 0.0946191 -0.26423 0.766542 0.556138 -0.182499
9.47 -10.8106 -0.473515 0.0947191 -0.266054 0.765912 0.556264 -0.182114
9.48 -10.8104 -0.474015 0.0948191 -0.267877 0.765276 0.556388 -0.181731
9.49 -10.8102 -0.474515 0.0949192 -0.2697 0.764636 0.556512 -0.18135
9.5 -10.81 -0.475015 0.0950192 -0.271523 0.76399 0.556636 -0.180971
9.51 -10.8098 -0.475515 0.0951192 -0.273345 0.76334 0.556759 -0.180594
9.52 -10.8096 -0.476015 0.0952192 -0.275167 0.762685 0.556881 -0.180219
9.53 -10.8094 -0.476515 0.0953193 -0.276988 0.762025 0.557002 -0.179846
9.54 -10.8092 -0.477015 0.0954193 -0.278809 0.76136 0.557123 -0.179475
9.55 -10.809 -0.477515 0.0955193 -0.280629 0.76069 0.557243 -0.179105
9.56 -10.8088 -0.478016 0.0956193 -0.282449 0.760015 0.557363 -0.178738
9.57 -10.8086 -0.478516 0.0957193 -0.284268 0.759335 0.557482 -0.178373
9.58 -10.8084 -0.479016 0.0958194 -0.286087 0.75865 0.5576 -0.178009
9.59 -10.8082 -0.479516 0.0959194 -0.287905 0.75796 0.557718 -0.177648
9.6 -10.808 -0.480016 0.0960194 -0.289723 0.757265 0.557835 -0.177288
9.61 -10.8078 -0.480516 0.0961194 -0.29154 0.756565 0.557951 -0.176931
9.62 -10.8076 -0.481016 0.0962194 -0.293356 0.75586 0.558067 -0.176575
9.63 -10.8074 -0.481516 0.0963195 -0.295172 0.75515 0.558182 -0.176221
9.64 -10.8072 -0.482016 0.0964195 -0.296987 0.754436 0.558297 -0.17587
9.65 -10.807 -0.482516 0.0965195 -0.298802 0.753716 0.558411 -0.17552
9.66 -10.8068 -0.483016 0.0966195 -0.300616 0.752991 0.558524 -0.175172
9.67 -10.8066 -0.483516 0.0967195 -0.302429 0.752261 0.558637 -0.174827
9.68 -10.8064 -0.484016 0.0968196 -0.304242 0.751526 0.558749 -0.174483
9.69 -10.8062 -0.484516 0.0969196 -0.306053 0.750786 0.558861 -0.174141
9.7 -10.806 -0.485016 0.0970196 -0.307865 0.750042 0.558972 -0.173802
9.71 -10.8058 -0.485516 0.0971196 -0.309675 0.749292 0.559083 -0.173464
9.72 -10.8056 -0.486016 0.0972196 -0.311485 0.748537 0.559193 -0.173128
9.73 -10.8054 -0.486516 0.0973197 -0.313293 0.747777 0.559302 -0.172794
9.74 -10.8052 -0.487016 0.0974197 -0.315102 0.747012 0.559411 -0.172462
9.75 -10.805 -0.487516 0.0975197 -0.316909 0.746242 0.559519 -0.172133
9.76 -10.8048 -0.488016 0.0976197 -0.318715 0.745467 0.559627 -0.171805
9.77 -10.8046 -0.488516 0.0977198 -0.320521 0.744687 0.559734 -0.171479
9.78 -10.8044 -0.489016 0.0978198 -0.322326 0.743902 0.559841 -0.171155
9.79 -10.8042 -0.489516 0.0979198 -0.324129 0.743112 0.559947 -0.170833
9.8 -10.804 -0.490017 0.0980198 -0.325932 0.742317 0.560053 -0.170514
9.81 -10.8038 -0.490517 0.0981198 -0.327734 0.741517 0.560158 -0.170196
9.82 -10.8036 -0.491017 0.0982199 -0.329535 0.740711 0.560262 -0.16988
9.83 -10.8034 -0.491517 0.0983199 -0.331336 0.739901 0.560366 -0.169566
9.84 -10.8032 -0.492017 0.0984199 -0.333135 0.739086 0.56047 -0.169255
9.85 -10.803 -0.492517 0.0985199 -0.334933 0.738266 0.560572 -0.168945
9.86 -10.8028 -0.493017 0.0986199 -0.33673 0.73744 0.560675 -0.168637
9.87 -10.8026 -0.493517 0.09872 -0.338526 0.73661 0.560777 -0.168331
9.88 -10.8024 -0.494017 0.09882 -0.340322 0.735774 0.560878 -0.168028
9.89 -10.8022 -0.494517 0.09892 -0.342116 0.734933 0.560979 -0.167726
9.9 -10.802 -0.495017 0.09902 -0.343909 0.734088 0.561079 -0.167427
9.91 -10.8018 -0.495517 0.09912 -0.345701 0.733237 0.561179 -0.167129
9.92 -10.8016 -0.496017 0.0992201 -0.347492 0.732381 0.561279 -0.166833
9.93 -10.8014 -0.496517 0.0993201 -0.349281 0.73152 0.561378 -0.16654
9.94 -10.8012 -0.497017 0.0994201 -0.35107 0.730654 0.561476 -0.166248
9.95 -10.801 -0.497517 0.0995201 -0.352857 0.729783 0.561574 -0.165959
9.96 -10.8008 -0.498017 0.0996201 -0.354644 0.728907 0.561672 -0.165672
9.97 -10.8006 -0.498517 0.0997202 -0.356429 0.728026 0.561769 -0.165386
9.98 -10.8004 -0.499017 0.0998202 -0.358213 0.72714 0.561865 -0.165103
9.99 -10.8002 -0.499517 0.0999202 -0.359995 0.726248 0.561961 -0.164822
10 -10.8 -0.500017 0.10002 -0.361776 0.725352 0.562057 -0.164542
