10.01 0.500517 -10.7998 0.10012 -0.139294 0.116866 0.911465 -0.370042
10.02 0.501017 -10.7996 0.10022 -0.140577 0.117569 0.912028 -0.368982
10.03 0.501518 -10.7994 0.10032 -0.141858 0.118278 0.912591 -0.367921
10.04 0.502018 -10.7992 0.10042 -0.143137 0.118993 0.913152 -0.36686
10.05 0.502518 -10.799 0.10052 -0.144413 0.119715 0.913713 -0.365798
10.06 0.503018 -10.7988 0.10062 -0.145687 0.120442 0.914273 -0.364736
10.07 0.503518 -10.7986 0.10072 -0.146958 0.121175 0.914832 -0.363674
10.08 0.504018 -10.7984 0.10082 -0.148227 0.121915 0.91539 -0.362611
10.09 0.504518 -10.7982 0.10092 -0.149494 0.12266 0.915948 -0.361548
10.1 0.505018 -10.798 0.10102 -0.150758 0.123412 0.916505 -0.360484
10.11 0.505518 -10.7978 0.10112 -0.15202 0.124169 0.91706 -0.359419
10.12 0.506018 -10.7976 0.10122 -0.15328 0.124933 0.917615 -0.358355
10.13 0.506518 -10.7974 0.101321 -0.154537 0.125703 0.918169 -0.357289
10.14 0.507018 -10.7972 0.101421 -0.155792 0.126478 0.918722 -0.356224
10.15 0.507518 -10.797 0.101521 -0.157045 0.12726 0.919274 -0.355158
10.16 0.508018 -10.7968 0.101621 -0.158296 0.128048 0.919824 -0.354091
10.17 0.508518 -10.7966 0.101721 -0.159544 0.128841 0.920374 -0.353024
10.18 0.509018 -10.7964 0.101821 -0.160789 0.129641 0.920923 -0.351957
10.19 0.509518 -10.7962 0.101921 -0.162033 0.130447 0.921471 -0.350889
10.2 0.510018 -10.796 0.102021 -0.163274 0.131259 0.922017 -0.349821
10.21 0.510518 -10.7958 0.102121 -0.164513 0.132077 0.922562 -0.348752
10.22 0.511018 -10.7956 0.102221 -0.165749 0.132901 0.923106 -0.347683
10.23 0.511518 -10.7954 0.102321 -0.166984 0.13373 0.923649 -0.346614
10.24 0.512018 -10.7952 0.102421 -0.168215 0.134566 0.924191 -0.345544
10.25 0.512518 -10.795 0.102521 -0.169445 0.135408 0.924731 -0.344474
10.26 0.513018 -10.7948 0.102621 -0.170672 0.136256 0.925271 -0.343404
10.27 0.513519 -10.7946 0.102721 -0.171897 0.13711 0.925809 -0.342333
10.28 0.514019 -10.7944 0.102821 -0.17312 0.13797 0.926345 -0.341262
10.29 0.514519 -10.7942 0.102921 -0.17434 0.138836 0.92688 -0.34019
10.3 0.515019 -10.794 0.103021 -0.175558 0.139708 0.927414 -0.339118
10.31 0.515519 -10.7938 0.103121 -0.176774 0.140585 0.927946 -0.338046
10.32 0.516019 -10.7936 0.103221 -0.177988 0.141469 0.928477 -0.336973
10.33 0.516519 -10.7934 0.103321 -0.179199 0.142359 0.929007 -0.3359
10.34 0.517019 -10.7932 0.103421 -0.180408 0.143255 0.929535 -0.334827
10.35 0.517519 -10.793 0.103521 -0.181615 0.144157 0.930061 -0.333753
10.36 0.518019 -10.7928 0.103621 -0.182819 0.145064 0.930586 -0.332679
10.37 0.518519 -10.7926 0.103721 -0.184021 0.145978 0.93111 -0.331605
10.38 0.519019 -10.7924 0.103821 -0.185221 0.146898 0.931631 -0.33053
10.39 0.519519 -10.7922 0.103921 -0.186419 0.147823 0.932152 -0.329455
10.4 0.520019 -10.792 0.104021 -0.187614 0.148755 0.93267 -0.32838
10.41 0.520519 -10.7918 0.104121 -0.188807 0.149692 0.933187 -0.327304
10.42 0.521019 -10.7916 0.104221 -0.189998 0.150636 0.933702 -0.326228
10.43 0.521519 -10.7914 0.104321 -0.191187 0.151585 0.934216 -0.325152
10.44 0.522019 -10.7912 0.104421 -0.192373 0.152541 0.934727 -0.324075
10.45 0.522519 -10.791 0.104521 -0.193557 0.153502 0.935237 -0.322998
10.46 0.523019 -10.7908 0.104621 -0.194739 0.154469 0.935746 -0.321921
10.47 0.523519 -10.7906 0.104721 -0.195918 0.155442 0.936252 -0.320844
10.48 0.524019 -10.7904 0.104821 -0.197096 0.156421 0.936756 -0.319766
10.49 0.524519 -10.7902 0.104921 -0.198271 0.157406 0.937259 -0.318688
10.5 0.52502 -10.79 0.105021 -0.199444 0.158397 0.93776 -0.31761
10.51 0.52552 -10.7898 0.105121 -0.200614 0.159393 0.938259 -0.316531
10.52 0.52602 -10.7896 0.105221 -0.201783 0.160396 0.938756 -0.315452
10.53 0.52652 -10.7894 0.105321 -0.202949 0.161405 0.93925 -0.314373
10.54 0.52702 -10.7892 0.105421 -0.204113 0.162419 0.939743 -0.313293
10.55 0.52752 -10.789 0.105521 -0.205274 0.163439 0.940234 -0.312214
10.56 0.52802 -10.7888 0.105621 -0.206434 0.164465 0.940723 -0.311134
10.57 0.52852 -10.7886 0.105721 -0.207591 0.165497 0.94121 -0.310054
10.58 0.52902 -10.7884 0.105821 -0.208746 0.166535 0.941694 -0.308973
10.59 0.52952 -10.7882 0.105921 -0.209899 0.167579 0.942177 -0.307892
10.6 0.53002 -10.788 0.106021 -0.211049 0.168628 0.942657 -0.306811
10.61 0.53052 -10.7878 0.106122 -0.212198 0.169683 0.943136 -0.30573
10.62 0.53102 -10.7876 0.106222 -0.213344 0.170745 0.943612 -0.304649
10.63 0.53152 -10.7874 0.106322 -0.214488 0.171811 0.944085 -0.303567
10.64 0.53202 -10.7872 0.106422 -0.21563 0.172884 0.944557 -0.302485
10.65 0.53252 -10.787 0.106522 -0.216769 0.173963 0.945026 -0.301403
10.66 0.53302 -10.7868 0.106622 -0.217907 0.175047 0.945493 -0.30032
10.67 0.53352 -10.7866 0.106722 -0.219042 0.176137 0.945958 -0.299238
10.68 0.53402 -10.7864 0.106822 -0.220175 0.177233 0.94642 -0.298155
10.69 0.53452 -10.7862 0.106922 -0.221306 0.178335 0.94688 -0.297072
10.7 0.53502 -10.786 0.107022 -0.222434 0.179443 0.947337 -0.295988
10.71 0.53552 -10.7858 0.107122 -0.223561 0.180556 0.947792 -0.294905
10.72 0.53602 -10.7856 0.107222 -0.224685 0.181675 0.948245 -0.293821
10.73 0.53652 -10.7854 0.107322 -0.225807 0.1828 0.948695 -0.292737
10.74 0.537021 -10.7852 0.107422 -0.226927 0.18393 0.949142 -0.291653
10.75 0.537521 -10.785 0.107522 -0.228045 0.185067 0.949587 -0.290568
10.76 0.538021 -10.7848 0.107622 -0.22916 0.186209 0.95003 -0.289484
10.77 0.538521 -10.7846 0.107722 -0.230274 0.187356 0.950469 -0.288399
10.78 0.539021 -10.7844 0.107822 -0.231385 0.18851 0.950907 -0.287314
10.79 0.539521 -10.7842 0.107922 -0.232494 0.189669 0.951341 -0.286229
10.8 0.540021 -10.784 0.108022 -0.233601 0.190834 0.951773 -0.285143
10.81 0.540521 -10.7838 0.108122 -0.234706 0.192004 0.952202 -0.284057
10.82 0.541021 -10.7836 0.108222 -0.235808 0.19318 0.952629 -0.282972
10.83 0.541521 -10.7834 0.108322 -0.236909 0.194362 0.953053 -0.281886
10.84 0.542021 -10.7832 0.108422 -0.238007 0.195549 0.953474 -0.280799
10.85 0.542521 -10.783 0.108522 -0.239103 0.196743 0.953892 -0.279713
10.86 0.543021 -10.7828 0.108622 -0.240197 0.197941 0.954307 -0.278626
10.87 0.543521 -10.7826 0.108722 -0.241289 0.199146 0.95472 -0.277539
10.88 0.544021 -10.7824 0.108822 -0.242379 0.200356 0.955129 -0.276452
10.89 0.544521 -10.7822 0.108922 -0.243467 0.201571 0.955536 -0.275365
10.9 0.545021 -10.782 0.109022 -0.244552 0.202793 0.95594 -0.274278
10.91 0.545521 -10.7818 0.109122 -0.245635 0.204019 0.956341 -0.27319
10.92 0.546021 -10.7816 0.109222 -0.246716 0.205252 0.956739 -0.272103
10.93 0.546521 -10.7814 0.109322 -0.247796 0.20649 0.957134 -0.271015
10.94 0.547021 -10.7812 0.109422 -0.248873 0.207733 0.957526 -0.269927
10.95 0.547521 -10.781 0.109522 -0.249947 0.208982 0.957914 -0.268839
10.96 0.548021 -10.7808 0.109622 -0.25102 0.210237 0.9583 -0.26775
10.97 0.548522 -10.7806 0.109722 -0.252091 0.211497 0.958683 -0.266662
10.98 0.549022 -10.7804 0.109822 -0.253159 0.212763 0.959062 -0.265573
10.99 0.549522 -10.7802 0.109922 -0.254225 0.214034 0.959439 -0.264484
11 0.550022 -10.78 0.110022 -0.25529 0.215311 0.959812 -0.263395
11.01 0.550522 -10.7798 0.110122 -0.256352 0.216593 0.960182 -0.262306
11.02 0.551022 -10.7796 0.110222 -0.257412 0.217881 0.960549 -0.261216
11.03 0.551522 -10.7794 0.110322 -0.25847 0.219174 0.960912 -0.260127
11.04 0.552022 -10.7792 0.110422 -0.259526 0.220472 0.961273 -0.259037
11.05 0.552522 -10.779 0.110522 -0.260579 0.221777 0.96163 -0.257947
11.06 0.553022 -10.7788 0.110622 -0.261631 0.223086 0.961983 -0.256857
11.07 0.553522 -10.7786 0.110722 -0.262681 0.224401 0.962334 -0.255767
11.08 0.554022 -10.7784 0.110822 -0.263728 0.225721 0.962681 -0.254677
11.09 0.554522 -10.7782 0.110923 -0.264774 0.227047 0.963024 -0.253586
11.1 0.555022 -10.778 0.111023 -0.265817 0.228378 0.963364 -0.252495
11.11 0.555522 -10.7778 0.111123 -0.266858 0.229715 0.963701 -0.251405
11.12 0.556022 -10.7776 0.111223 -0.267897 0.231057 0.964034 -0.250314
11.13 0.556522 -10.7774 0.111323 -0.268934 0.232404 0.964364 -0.249223
11.14 0.557022 -10.7772 0.111423 -0.269969 0.233756 0.96469 -0.248131
11.15 0.557522 -10.777 0.111523 -0.271002 0.235114 0.965013 -0.24704
11.16 0.558022 -10.7768 0.111623 -0.272033 0.236478 0.965332 -0.245948
11.17 0.558522 -10.7766 0.111723 -0.273062 0.237846 0.965647 -0.244857
11.18 0.559022 -10.7764 0.111823 -0.274088 0.23922 0.965959 -0.243765
11.19 0.559522 -10.7762 0.111923 -0.275113 0.240599 0.966267 -0.242673
11.2 0.560022 -10.776 0.112023 -0.276136 0.241984 0.966572 -0.241581
11.21 0.560523 -10.7758 0.112123 -0.277156 0.243373 0.966872 -0.240488
11.22 0.561023 -10.7756 0.112223 -0.278175 0.244768 0.96717 -0.239396
11.23 0.561523 -10.7754 0.112323 -0.279191 0.246169 0.967463 -0.238303
11.24 0.562023 -10.7752 0.112423 -0.280206 0.247574 0.967752 -0.23721
11.25 0.562523 -10.775 0.112523 -0.281218 0.248985 0.968038 -0.236117
11.26 0.563023 -10.7748 0.112623 -0.282228 0.2504 0.96832 -0.235024
11.27 0.563523 -10.7746 0.112723 -0.283236 0.251821 0.968598 -0.233931
11.28 0.564023 -10.7744 0.112823 -0.284243 0.253248 0.968873 -0.232838
11.29 0.564523 -10.7742 0.112923 -0.285247 0.254679 0.969143 -0.231744
11.3 0.565023 -10.774 0.113023 -0.286249 0.256115 0.96941 -0.230651
11.31 0.565523 -10.7738 0.113123 -0.287249 0.257557 0.969672 -0.229557
11.32 0.566023 -10.7736 0.113223 -0.288247 0.259004 0.969931 -0.228463
11.33 0.566523 -10.7734 0.113323 -0.289243 0.260456 0.970186 -0.227369
11.34 0.567023 -10.7732 0.113423 -0.290237 0.261913 0.970436 -0.226275
11.35 0.567523 -10.773 0.113523 -0.291229 0.263375 0.970683 -0.22518
11.36 0.568023 -10.7728 0.113623 -0.292219 0.264842 0.970925 -0.224086
11.37 0.568523 -10.7726 0.113723 -0.293207 0.266314 0.971164 -0.222991
11.38 0.569023 -10.7724 0.113823 -0.294193 0.267791 0.971398 -0.221896
11.39 0.569523 -10.7722 0.113923 -0.295177 0.269273 0.971628 -0.220801
11.4 0.570023 -10.772 0.114023 -0.296159 0.270761 0.971855 -0.219706
11.41 0.570523 -10.7718 0.114123 -0.297138 0.272253 0.972077 -0.218611
11.42 0.571023 -10.7716 0.114223 -0.298116 0.27375 0.972294 -0.217516
11.43 0.571523 -10.7714 0.114323 -0.299092 0.275252 0.972508 -0.21642
11.44 0.572024 -10.7712 0.114423 -0.300066 0.27676 0.972717 -0.215324
11.45 0.572524 -10.771 0.114523 -0.301038 0.278272 0.972922 -0.214228
11.46 0.573024 -10.7708 0.114623 -0.302008 0.279789 0.973123 -0.213132
11.47 0.573524 -10.7706 0.114723 -0.302976 0.281311 0.97332 -0.212036
11.48 0.574024 -10.7704 0.114823 -0.303941 0.282838 0.973512 -0.21094
11.49 0.574524 -10.7702 0.114923 -0.304905 0.284369 0.9737 -0.209843
11.5 0.575024 -10.77 0.115023 -0.305867 0.285906 0.973883 -0.208747
11.51 0.575524 -10.7698 0.115123 -0.306827 0.287447 0.974062 -0.20765
11.52 0.576024 -10.7696 0.115223 -0.307785 0.288994 0.974237 -0.206553
11.53 0.576524 -10.7694 0.115323 -0.308741 0.290545 0.974407 -0.205456
11.54 0.577024 -10.7692 0.115423 -0.309695 0.292101 0.974573 -0.204358
11.55 0.577524 -10.769 0.115523 -0.310647 0.293662 0.974734 -0.203261
11.56 0.578024 -10.7688 0.115623 -0.311597 0.295227 0.974891 -0.202163
11.57 0.578524 -10.7686 0.115724 -0.312545 0.296797 0.975043 -0.201065
11.58 0.579024 -10.7684 0.115824 -0.313491 0.298372 0.975191 -0.199967
11.59 0.579524 -10.7682 0.115924 -0.314435 0.299952 0.975334 -0.198869
11.6 0.580024 -10.768 0.116024 -0.315377 0.301537 0.975473 -0.197771
11.61 0.580524 -10.7678 0.116124 -0.316317 0.303126 0.975607 -0.196672
11.62 0.581024 -10.7676 0.116224 -0.317255 0.30472 0.975736 -0.195574
11.63 0.581524 -10.7674 0.116324 -0.318191 0.306319 0.975861 -0.194475
11.64 0.582024 -10.7672 0.116424 -0.319126 0.307922 0.975981 -0.193376
11.65 0.582524 -10.767 0.116524 -0.320058 0.30953 0.976096 -0.192277
11.66 0.583024 -10.7668 0.116624 -0.320988 0.311142 0.976206 -0.191177
11.67 0.583524 -10.7666 0.116724 -0.321917 0.312759 0.976312 -0.190078
11.68 0.584025 -10.7664 0.116824 -0.322843 0.314381 0.976413 -0.188978
11.69 0.584525 -10.7662 0.116924 -0.323768 0.316007 0.97651 -0.187878
11.7 0.585025 -10.766 0.117024 -0.32469 0.317638 0.976601 -0.186778
11.71 0.585525 -10.7658 0.117124 -0.325611 0.319274 0.976688 -0.185677
11.72 0.586025 -10.7656 0.117224 -0.32653 0.320914 0.97677 -0.184577
11.73 0.586525 -10.7654 0.117324 -0.327446 0.322558 0.976847 -0.183476
11.74 0.587025 -10.7652 0.117424 -0.328361 0.324207 0.976919 -0.182375
11.75 0.587525 -10.765 0.117524 -0.329274 0.325861 0.976986 -0.181274
11.76 0.588025 -10.7648 0.117624 -0.330185 0.327519 0.977048 -0.180173
11.77 0.588525 -10.7646 0.117724 -0.331094 0.329181 0.977106 -0.179071
11.78 0.589025 -10.7644 0.117824 -0.332001 0.330848 0.977158 -0.177969
11.79 0.589525 -10.7642 0.117924 -0.332906 0.332519 0.977206 -0.176867
11.8 0.590025 -10.764 0.118024 -0.333809 0.334195 0.977248 -0.175765
11.81 0.590525 -10.7638 0.118124 -0.334711 0.335875 0.977285 -0.174663
11.82 0.591025 -10.7636 0.118224 -0.33561 0.33756 0.977318 -0.17356
11.83 0.591525 -10.7634 0.118324 -0.336508 0.339249 0.977345 -0.172457
11.84 0.592025 -10.7632 0.118424 -0.337403 0.340942 0.977367 -0.171354
11.85 0.592525 -10.763 0.118524 -0.338297 0.342639 0.977384 -0.170251
11.86 0.593025 -10.7628 0.118624 -0.339189 0.344341 0.977396 -0.169147
11.87 0.593525 -10.7626 0.118724 -0.340078 0.346047 0.977403 -0.168043
11.88 0.594025 -10.7624 0.118824 -0.340966 0.347758 0.977405 -0.166939
11.89 0.594525 -10.7622 0.118924 -0.341852 0.349472 0.977402 -0.165835
11.9 0.595025 -10.762 0.119024 -0.342737 0.351191 0.977393 -0.164731
11.91 0.595526 -10.7618 0.119124 -0.343619 0.352914 0.977379 -0.163626
11.92 0.596026 -10.7616 0.119224 -0.344499 0.354642 0.97736 -0.162521
11.93 0.596526 -10.7614 0.119324 -0.345378 0.356373 0.977336 -0.161415
11.94 0.597026 -10.7612 0.119424 -0.346254 0.358109 0.977306 -0.16031
11.95 0.597526 -10.761 0.119524 -0.347129 0.359849 0.977271 -0.159204
11.96 0.598026 -10.7608 0.119624 -0.348002 0.361593 0.977231 -0.158098
11.97 0.598526 -10.7606 0.119724 -0.348873 0.363341 0.977186 -0.156992
11.98 0.599026 -10.7604 0.119824 -0.349742 0.365093 0.977135 -0.155885
11.99 0.599526 -10.7602 0.119924 -0.350609 0.36685 0.977079 -0.154778
12 0.600026 -10.76 0.120024 -0.351474 0.36861 0.977017 -0.153671
12.01 0.600526 -10.7598 0.120124 -0.352338 0.370375 0.97695 -0.152563
12.02 0.601026 -10.7596 0.120224 -0.353199 0.372143 0.976878 -0.151455
12.03 0.601526 -10.7594 0.120324 -0.354059 0.373916 0.9768 -0.150347
12.04 0.602026 -10.7592 0.120424 -0.354917 0.375692 0.976717 -0.149239
12.05 0.602526 -10.759 0.120525 -0.355773 0.377473 0.976628 -0.14813
12.06 0.603026 -10.7588 0.120625 -0.356627 0.379258 0.976534 -0.147021
12.07 0.603526 -10.7586 0.120725 -0.357479 0.381046 0.976435 -0.145912
12.08 0.604026 -10.7584 0.120825 -0.358329 0.382839 0.976329 -0.144802
12.09 0.604526 -10.7582 0.120925 -0.359178 0.384635 0.976219 -0.143692
12.1 0.605026 -10.758 0.121025 -0.360025 0.386436 0.976103 -0.142582
12.11 0.605526 -10.7578 0.121125 -0.360869 0.38824 0.975981 -0.141471
12.12 0.606026 -10.7576 0.121225 -0.361712 0.390048 0.975854 -0.14036
12.13 0.606526 -10.7574 0.121325 -0.362554 0.39186 0.975721 -0.139248
12.14 0.607027 -10.7572 0.121425 -0.363393 0.393676 0.975582 -0.138137
12.15 0.607527 -10.757 0.121525 -0.36423 0.395495 0.975438 -0.137025
12.16 0.608027 -10.7568 0.121625 -0.365066 0.397319 0.975288 -0.135912
12.17 0.608527 -10.7566 0.121725 -0.3659 0.399146 0.975133 -0.134799
12.18 0.609027 -10.7564 0.121825 -0.366732 0.400977 0.974972 -0.133686
12.19 0.609527 -10.7562 0.121925 -0.367562 0.402812 0.974805 -0.132573
12.2 0.610027 -10.756 0.122025 -0.36839 0.404651 0.974633 -0.131459
12.21 0.610527 -10.7558 0.122125 -0.369217 0.406493 0.974455 -0.130344
12.22 0.611027 -10.7556 0.122225 -0.370041 0.408339 0.974271 -0.129229
12.23 0.611527 -10.7554 0.122325 -0.370864 0.410189 0.974081 -0.128114
12.24 0.612027 -10.7552 0.122425 -0.371685 0.412042 0.973886 -0.126999
12.25 0.612527 -10.755 0.122525 -0.372504 0.413899 0.973684 -0.125883
12.26 0.613027 -10.7548 0.122625 -0.373322 0.41576 0.973478 -0.124766
12.27 0.613527 -10.7546 0.122725 -0.374137 0.417624 0.973265 -0.123649
12.28 0.614027 -10.7544 0.122825 -0.374951 0.419492 0.973046 -0.122532
12.29 0.614527 -10.7542 0.122925 -0.375763 0.421364 0.972822 -0.121414
12.3 0.615027 -10.754 0.123025 -0.376573 0.423239 0.972592 -0.120296
12.31 0.615527 -10.7538 0.123125 -0.377382 0.425118 0.972356 -0.119178
12.32 0.616027 -10.7536 0.123225 -0.378188 0.427 0.972114 -0.118059
12.33 0.616527 -10.7534 0.123325 -0.378993 0.428886 0.971866 -0.116939
12.34 0.617027 -10.7532 0.123425 -0.379796 0.430775 0.971612 -0.115819
12.35 0.617527 -10.753 0.123525 -0.380597 0.432668 0.971353 -0.114698
12.36 0.618027 -10.7528 0.123625 -0.381397 0.434565 0.971087 -0.113577
12.37 0.618527 -10.7526 0.123725 -0.382194 0.436465 0.970816 -0.112456
12.38 0.619028 -10.7524 0.123825 -0.38299 0.438368 0.970538 -0.111334
12.39 0.619528 -10.7522 0.123925 -0.383784 0.440275 0.970255 -0.110211
12.4 0.620028 -10.752 0.124025 -0.384577 0.442185 0.969966 -0.109088
12.41 0.620528 -10.7518 0.124125 -0.385367 0.444098 0.96967 -0.107965
12.42 0.621028 -10.7516 0.124225 -0.386156 0.446015 0.969369 -0.106841
12.43 0.621528 -10.7514 0.124325 -0.386943 0.447936 0.969062 -0.105716
12.44 0.622028 -10.7512 0.124425 -0.387728 0.44986 0.968748 -0.104591
12.45 0.622528 -10.751 0.124525 -0.388512 0.451787 0.968429 -0.103465
12.46 0.623028 -10.7508 0.124625 -0.389294 0.453717 0.968104 -0.102339
12.47 0.623528 -10.7506 0.124725 -0.390074 0.455651 0.967772 -0.101212
12.48 0.624028 -10.7504 0.124825 -0.390852 0.457588 0.967435 -0.100084
12.49 0.624528 -10.7502 0.124925 -0.391628 0.459528 0.967091 -0.0989561
12.5 0.625028 -10.75 0.125025 -0.392403 0.461472 0.966741 -0.0978275
12.51 0.625528 -10.7498 0.125125 -0.393176 0.463419 0.966385 -0.0966982
12.52 0.626028 -10.7496 0.125225 -0.393947 0.465369 0.966023 -0.0955682
12.53 0.626528 -10.7494 0.125326 -0.394717 0.467323 0.965655 -0.0944377
12.54 0.627028 -10.7492 0.125426 -0.395485 0.469279 0.965281 -0.0933065
12.55 0.627528 -10.749 0.125526 -0.396251 0.471239 0.964901 -0.0921747
12.56 0.628028 -10.7488 0.125626 -0.397015 0.473202 0.964515 -0.0910422
12.57 0.628528 -10.7486 0.125726 -0.397778 0.475168 0.964122 -0.0899091
12.58 0.629028 -10.7484 0.125826 -0.398539 0.477138 0.963723 -0.0887752
12.59 0.629528 -10.7482 0.125926 -0.399298 0.47911 0.963318 -0.0876407
12.6 0.630028 -10.748 0.126026 -0.400056 0.481086 0.962907 -0.0865055
12.61 0.630529 -10.7478 0.126126 -0.400811 0.483065 0.96249 -0.0853696
12.62 0.631029 -10.7476 0.126226 -0.401566 0.485046 0.962066 -0.084233
12.63 0.631529 -10.7474 0.126326 -0.402318 0.487031 0.961636 -0.0830957
12.64 0.632029 -10.7472 0.126426 -0.403069 0.489019 0.9612 -0.0819576
12.65 0.632529 -10.747 0.126526 -0.403818 0.491011 0.960758 -0.0808188
12.66 0.633029 -10.7468 0.126626 -0.404565 0.493005 0.960309 -0.0796792
12.67 0.633529 -10.7466 0.126726 -0.405311 0.495002 0.959854 -0.0785389
12.68 0.634029 -10.7464 0.126826 -0.406055 0.497002 0.959393 -0.0773977
12.69 0.634529 -10.7462 0.126926 -0.406797 0.499006 0.958926 -0.0762558
12.7 0.635029 -10.746 0.127026 -0.407537 0.501012 0.958452 -0.0751132
12.71 0.635529 -10.7458 0.127126 -0.408276 0.503021 0.957972 -0.0739696
12.72 0.636029 -10.7456 0.127226 -0.409013 0.505033 0.957486 -0.0728253
12.73 0.636529 -10.7454 0.127326 -0.409749 0.507049 0.956994 -0.0716802
12.74 0.637029 -10.7452 0.127426 -0.410483 0.509067 0.956495 -0.0705342
12.75 0.637529 -10.745 0.127526 -0.411215 0.511088 0.955989 -0.0693873
12.76 0.638029 -10.7448 0.127626 -0.411946 0.513112 0.955478 -0.0682396
12.77 0.638529 -10.7446 0.127726 -0.412675 0.515139 0.95496 -0.067091
12.78 0.639029 -10.7444 0.127826 -0.413402 0.517169 0.954436 -0.0659415
12.79 0.639529 -10.7442 0.127926 -0.414128 0.519202 0.953905 -0.0647911
12.8 0.640029 -10.744 0.128026 -0.414852 0.521238 0.953368 -0.0636398
12.81 0.640529 -10.7438 0.128126 -0.415574 0.523276 0.952825 -0.0624876
12.82 0.641029 -10.7436 0.128226 -0.416295 0.525318 0.952275 -0.0613344
12.83 0.641529 -10.7434 0.128326 -0.417014 0.527362 0.951719 -0.0601803
12.84 0.642029 -10.7432 0.128426 -0.417731 0.529409 0.951157 -0.0590252
12.85 0.64253 -10.743 0.128526 -0.418447 0.531459 0.950588 -0.0578692
12.86 0.64303 -10.7428 0.128626 -0.419161 0.533512 0.950013 -0.0567121
12.87 0.64353 -10.7426 0.128726 -0.419874 0.535568 0.949431 -0.0555541
12.88 0.64403 -10.7424 0.128826 -0.420585 0.537626 0.948843 -0.054395
12.89 0.64453 -10.7422 0.128926 -0.421294 0.539688 0.948248 -0.0532349
12.9 0.64503 -10.742 0.129026 -0.422002 0.541752 0.947647 -0.0520737
12.91 0.64553 -10.7418 0.129126 -0.422708 0.543819 0.94704 -0.0509115
12.92 0.64603 -10.7416 0.129226 -0.423413 0.545888 0.946426 -0.0497482
12.93 0.64653 -10.7414 0.129326 -0.424116 0.547961 0.945806 -0.0485839
12.94 0.64703 -10.7412 0.129426 -0.424817 0.550036 0.945179 -0.0474184
12.95 0.64753 -10.741 0.129526 -0.425517 0.552114 0.944546 -0.0462518
12.96 0.64803 -10.7408 0.129626 -0.426216 0.554194 0.943906 -0.0450841
12.97 0.64853 -10.7406 0.129726 -0.426912 0.556278 0.94326 -0.0439152
12.98 0.64903 -10.7404 0.129826 -0.427608 0.558364 0.942607 -0.0427452
12.99 0.64953 -10.7402 0.129926 -0.428301 0.560453 0.941948 -0.041574
13 0.65003 -10.74 0.130026 -0.428993 0.562544 0.941283 -0.0404016
13.01 0.65053 -10.7398 0.130126 -0.429684 0.564639 0.940611 -0.039228
13.02 0.65103 -10.7396 0.130227 -0.430373 0.566736 0.939932 -0.0380532
13.03 0.65153 -10.7394 0.130327 -0.43106 0.568835 0.939247 -0.0368771
13.04 0.65203 -10.7392 0.130427 -0.431746 0.570938 0.938556 -0.0356998
13.05 0.65253 -10.739 0.130527 -0.43243 0.573043 0.937858 -0.0345212
13.06 0.65303 -10.7388 0.130627 -0.433113 0.57515 0.937153 -0.0333413
13.07 0.65353 -10.7386 0.130727 -0.433794 0.577261 0.936442 -0.0321601
13.08 0.654031 -10.7384 0.130827 -0.434474 0.579374 0.935724 -0.0309776
13.09 0.654531 -10.7382 0.130927 -0.435152 0.581489 0.935 -0.0297938
13.1 0.655031 -10.738 0.131027 -0.435829 0.583608 0.93427 -0.0286086
13.11 0.655531 -10.7378 0.131127 -0.436504 0.585729 0.933532 -0.0274221
13.12 0.656031 -10.7376 0.131227 -0.437178 0.587853 0.932789 -0.0262341
13.13 0.656531 -10.7374 0.131327 -0.43785 0.589979 0.932038 -0.0250447
13.14 0.657031 -10.7372 0.131427 -0.438521 0.592108 0.931282 -0.0238539
13.15 0.657531 -10.737 0.131527 -0.43919 0.59424 0.930518 -0.0226617
13.16 0.658031 -10.7368 0.131627 -0.439858 0.596374 0.929748 -0.021468
13.17 0.658531 -10.7366 0.131727 -0.440524 0.598511 0.928972 -0.0202728
13.18 0.659031 -10.7364 0.131827 -0.441189 0.60065 0.928189 -0.0190762
13.19 0.659531 -10.7362 0.131927 -0.441853 0.602793 0.9274 -0.017878
13.2 0.660031 -10.736 0.132027 -0.442515 0.604937 0.926604 -0.0166782
13.21 0.660531 -10.7358 0.132127 -0.443175 0.607085 0.925801 -0.015477
13.22 0.661031 -10.7356 0.132227 -0.443834 0.609235 0.924992 -0.0142741
13.23 0.661531 -10.7354 0.132327 -0.444492 0.611388 0.924176 -0.0130696
13.24 0.662031 -10.7352 0.132427 -0.445148 0.613543 0.923354 -0.0118636
13.25 0.662531 -10.735 0.132527 -0.445803 0.615701 0.922525 -0.0106558
13.26 0.663031 -10.7348 0.132627 -0.446456 0.617862 0.921689 -0.00944646
13.27 0.663531 -10.7346 0.132727 -0.447108 0.620025 0.920847 -0.00823542
13.28 0.664031 -10.7344 0.132827 -0.447759 0.622191 0.919999 -0.00702267
13.29 0.664531 -10.7342 0.132927 -0.448408 0.624359 0.919144 -0.0058082
13.3 0.665031 -10.734 0.133027 -0.449055 0.626531 0.918282 -0.00459199
13.31 0.665531 -10.7338 0.133127 -0.449702 0.628704 0.917414 -0.00337401
13.32 0.666032 -10.7336 0.133227 -0.450347 0.630881 0.916539 -0.00215426
13.33 0.666532 -10.7334 0.133327 -0.45099 0.63306 0.915657 -0.000932691
13.34 0.667032 -10.7332 0.133427 -0.451633 0.635242 0.914769 0.000290704
13.35 0.667532 -10.733 0.133527 -0.452273 0.637426 0.913875 0.00151595
13.36 0.668032 -10.7328 0.133627 -0.452913 0.639613 0.912974 0.00274307
13.37 0.668532 -10.7326 0.133727 -0.453551 0.641803 0.912066 0.00397209
13.38 0.669032 -10.7324 0.133827 -0.454188 0.643995 0.911151 0.00520303
13.39 0.669532 -10.7322 0.133927 -0.454824 0.64619 0.910231 0.00643592
13.4 0.670032 -10.732 0.134027 -0.455458 0.648388 0.909303 0.00767077
13.41 0.670532 -10.7318 0.134127 -0.456091 0.650589 0.908369 0.00890762
13.42 0.671032 -10.7316 0.134227 -0.456722 0.652792 0.907428 0.0101465
13.43 0.671532 -10.7314 0.134327 -0.457352 0.654998 0.906481 0.0113874
13.44 0.672032 -10.7312 0.134427 -0.457981 0.657206 0.905527 0.0126304
13.45 0.672532 -10.731 0.134527 -0.458609 0.659417 0.904567 0.0138754
13.46 0.673032 -10.7308 0.134627 -0.459235 0.661631 0.9036 0.0151226
13.47 0.673532 -10.7306 0.134727 -0.45986 0.663848 0.902626 0.0163719
13.48 0.674032 -10.7304 0.134827 -0.460484 0.666068 0.901646 0.0176234
13.49 0.674532 -10.7302 0.134927 -0.461107 0.66829 0.900659 0.0188771
13.5 0.675032 -10.73 0.135028 -0.461728 0.670515 0.899666 0.020133
13.51 0.675532 -10.7298 0.135128 -0.462348 0.672743 0.898666 0.0213912
13.52 0.676032 -10.7296 0.135228 -0.462967 0.674973 0.897659 0.0226516
13.53 0.676532 -10.7294 0.135328 -0.463585 0.677207 0.896646 0.0239144
13.54 0.677032 -10.7292 0.135428 -0.464201 0.679443 0.895627 0.0251795
13.55 0.677533 -10.729 0.135528 -0.464816 0.681682 0.8946 0.0264469
13.56 0.678033 -10.7288 0.135628 -0.46543 0.683924 0.893567 0.0277167
13.57 0.678533 -10.7286 0.135728 -0.466043 0.686168 0.892528 0.028989
13.58 0.679033 -10.7284 0.135828 -0.466655 0.688416 0.891482 0.0302637
13.59 0.679533 -10.7282 0.135928 -0.467265 0.690666 0.890429 0.0315408
13.6 0.680033 -10.728 0.136028 -0.467875 0.69292 0.88937 0.0328205
13.61 0.680533 -10.7278 0.136128 -0.468483 0.695176 0.888304 0.0341027
13.62 0.681033 -10.7276 0.136228 -0.46909 0.697435 0.887232 0.0353875
13.63 0.681533 -10.7274 0.136328 -0.469696 0.699697 0.886153 0.0366749
13.64 0.682033 -10.7272 0.136428 -0.4703 0.701962 0.885068 0.0379649
13.65 0.682533 -10.727 0.136528 -0.470904 0.70423 0.883976 0.0392575
13.66 0.683033 -10.7268 0.136628 -0.471507 0.706501 0.882877 0.0405529
13.67 0.683533 -10.7266 0.136728 -0.472108 0.708775 0.881772 0.041851
13.68 0.684033 -10.7264 0.136828 -0.472708 0.711053 0.88066 0.0431518
13.69 0.684533 -10.7262 0.136928 -0.473308 0.713333 0.879542 0.0444554
13.7 0.685033 -10.726 0.137028 -0.473906 0.715616 0.878417 0.0457619
13.71 0.685533 -10.7258 0.137128 -0.474503 0.717902 0.877285 0.0470712
13.72 0.686033 -10.7256 0.137228 -0.475099 0.720192 0.876147 0.0483834
13.73 0.686533 -10.7254 0.137328 -0.475694 0.722485 0.875003 0.0496985
13.74 0.687033 -10.7252 0.137428 -0.476288 0.72478 0.873852 0.0510166
13.75 0.687533 -10.725 0.137528 -0.476881 0.727079 0.872694 0.0523377
13.76 0.688033 -10.7248 0.137628 -0.477473 0.729382 0.87153 0.0536618
13.77 0.688533 -10.7246 0.137728 -0.478064 0.731687 0.870359 0.054989
13.78 0.689033 -10.7244 0.137828 -0.478654 0.733996 0.869182 0.0563193
13.79 0.689534 -10.7242 0.137928 -0.479243 0.736308 0.867998 0.0576527
13.8 0.690034 -10.724 0.138028 -0.479831 0.738623 0.866807 0.0589893
13.81 0.690534 -10.7238 0.138128 -0.480418 0.740942 0.86561 0.0603291
13.82 0.691034 -10.7236 0.138228 -0.481005 0.743264 0.864407 0.0616722
13.83 0.691534 -10.7234 0.138328 -0.48159 0.74559 0.863196 0.0630186
13.84 0.692034 -10.7232 0.138428 -0.482174 0.747919 0.86198 0.0643683
13.85 0.692534 -10.723 0.138528 -0.482758 0.750251 0.860757 0.0657213
13.86 0.693034 -10.7228 0.138628 -0.48334 0.752587 0.859527 0.0670778
13.87 0.693534 -10.7226 0.138728 -0.483922 0.754927 0.858291 0.0684378
13.88 0.694034 -10.7224 0.138828 -0.484503 0.75727 0.857048 0.0698012
13.89 0.694534 -10.7222 0.138928 -0.485083 0.759617 0.855798 0.0711682
13.9 0.695034 -10.722 0.139028 -0.485662 0.761967 0.854543 0.0725387
13.91 0.695534 -10.7218 0.139128 -0.486241 0.764321 0.85328 0.0739129
13.92 0.696034 -10.7216 0.139228 -0.486818 0.766679 0.852011 0.0752907
13.93 0.696534 -10.7214 0.139328 -0.487395 0.769041 0.850736 0.0766723
13.94 0.697034 -10.7212 0.139428 -0.487971 0.771406 0.849454 0.0780576
13.95 0.697534 -10.721 0.139528 -0.488546 0.773775 0.848165 0.0794467
13.96 0.698034 -10.7208 0.139628 -0.489121 0.776148 0.84687 0.0808396
13.97 0.698534 -10.7206 0.139728 -0.489694 0.778525 0.845569 0.0822364
13.98 0.699034 -10.7204 0.139829 -0.490267 0.780906 0.844261 0.0836372
13.99 0.699534 -10.7202 0.139929 -0.49084 0.783291 0.842946 0.0850419
14 0.700034 -10.72 0.140029 -0.491411 0.78568 0.841625 0.0864507
14.01 0.700534 -10.7198 0.140129 -0.491982 0.788073 0.840298 0.0878635
14.02 0.701035 -10.7196 0.140229 -0.492553 0.79047 0.838963 0.0892804
14.03 0.701535 -10.7194 0.140329 -0.493122 0.792872 0.837623 0.0907016
14.04 0.702035 -10.7192 0.140429 -0.493691 0.795278 0.836276 0.0921269
14.05 0.702535 -10.719 0.140529 -0.49426 0.797687 0.834922 0.0935566
14.06 0.703035 -10.7188 0.140629 -0.494828 0.800102 0.833562 0.0949905
14.07 0.703535 -10.7186 0.140729 -0.495395 0.80252 0.832195 0.0964288
14.08 0.704035 -10.7184 0.140829 -0.495961 0.804943 0.830822 0.0978716
14.09 0.704535 -10.7182 0.140929 -0.496528 0.807371 0.829443 0.0993188
14.1 0.705035 -10.718 0.141029 -0.497093 0.809803 0.828057 0.100771
14.11 0.705535 -10.7178 0.141129 -0.497658 0.81224 0.826664 0.102227
14.12 0.706035 -10.7176 0.141229 -0.498223 0.814681 0.825265 0.103688
14.13 0.706535 -10.7174 0.141329 -0.498787 0.817127 0.823859 0.105154
14.14 0.707035 -10.7172 0.141429 -0.499351 0.819578 0.822447 0.106624
14.15 0.707535 -10.717 0.141529 -0.499914 0.822034 0.821029 0.108099
14.16 0.708035 -10.7168 0.141629 -0.500477 0.824495 0.819604 0.10958
14.17 0.708535 -10.7166 0.141729 -0.501039 0.82696 0.818172 0.111065
14.18 0.709035 -10.7164 0.141829 -0.501601 0.829431 0.816734 0.112555
14.19 0.709535 -10.7162 0.141929 -0.502163 0.831906 0.81529 0.11405
14.2 0.710035 -10.716 0.142029 -0.502724 0.834387 0.813839 0.11555
14.21 0.710535 -10.7158 0.142129 -0.503285 0.836873 0.812381 0.117055
14.22 0.711035 -10.7156 0.142229 -0.503846 0.839364 0.810917 0.118566
14.23 0.711535 -10.7154 0.142329 -0.504407 0.841861 0.809447 0.120082
14.24 0.712035 -10.7152 0.142429 -0.504967 0.844363 0.80797 0.121603
14.25 0.712535 -10.715 0.142529 -0.505527 0.846871 0.806486 0.12313
14.26 0.713036 -10.7148 0.142629 -0.506086 0.849384 0.804997 0.124662
14.27 0.713536 -10.7146 0.142729 -0.506646 0.851903 0.8035 0.1262
14.28 0.714036 -10.7144 0.142829 -0.507205 0.854427 0.801998 0.127743
14.29 0.714536 -10.7142 0.142929 -0.507765 0.856957 0.800488 0.129293
14.3 0.715036 -10.714 0.143029 -0.508324 0.859494 0.798972 0.130847
14.31 0.715536 -10.7138 0.143129 -0.508883 0.862036 0.79745 0.132408
14.32 0.716036 -10.7136 0.143229 -0.509442 0.864584 0.795922 0.133975
14.33 0.716536 -10.7134 0.143329 -0.510001 0.867138 0.794386 0.135547
14.34 0.717036 -10.7132 0.143429 -0.51056 0.869699 0.792845 0.137126
14.35 0.717536 -10.713 0.143529 -0.511119 0.872265 0.791297 0.138711
14.36 0.718036 -10.7128 0.143629 -0.511678 0.874839 0.789742 0.140302
14.37 0.718536 -10.7126 0.143729 -0.512237 0.877418 0.788181 0.141899
14.38 0.719036 -10.7124 0.143829 -0.512796 0.880005 0.786613 0.143503
14.39 0.719536 -10.7122 0.143929 -0.513355 0.882598 0.785039 0.145113
14.4 0.720036 -10.712 0.144029 -0.513914 0.885197 0.783459 0.146729
14.41 0.720536 -10.7118 0.144129 -0.514474 0.887804 0.781872 0.148352
14.42 0.721036 -10.7116 0.144229 -0.515033 0.890417 0.780278 0.149982
14.43 0.721536 -10.7114 0.144329 -0.515593 0.893038 0.778678 0.151619
14.44 0.722036 -10.7112 0.144429 -0.516154 0.895666 0.777072 0.153262
14.45 0.722536 -10.711 0.144529 -0.516714 0.898301 0.775459 0.154912
14.46 0.723036 -10.7108 0.14463 -0.517275 0.900943 0.773839 0.15657
14.47 0.723536 -10.7106 0.14473 -0.517836 0.903593 0.772213 0.158234
14.48 0.724036 -10.7104 0.14483 -0.518397 0.90625 0.770581 0.159906
14.49 0.724537 -10.7102 0.14493 -0.518959 0.908915 0.768942 0.161585
14.5 0.725037 -10.71 0.14503 -0.519521 0.911588 0.767297 0.163271
14.51 0.725537 -10.7098 0.14513 -0.520084 0.914269 0.765645 0.164965
14.52 0.726037 -10.7096 0.14523 -0.520647 0.916958 0.763986 0.166666
14.53 0.726537 -10.7094 0.14533 -0.521211 0.919655 0.762321 0.168375
14.54 0.727037 -10.7092 0.14543 -0.521776 0.922361 0.76065 0.170092
14.55 0.727537 -10.709 0.14553 -0.522341 0.925075 0.758972 0.171816
14.56 0.728037 -10.7088 0.14563 -0.522906 0.927797 0.757288 0.173549
14.57 0.728537 -10.7086 0.14573 -0.523472 0.930528 0.755597 0.175289
14.58 0.729037 -10.7084 0.14583 -0.524039 0.933268 0.753899 0.177038
14.59 0.729537 -10.7082 0.14593 -0.524607 0.936017 0.752195 0.178795
14.6 0.730037 -10.708 0.14603 -0.525176 0.938775 0.750485 0.180561
14.61 0.730537 -10.7078 0.14613 -0.525745 0.941543 0.748767 0.182334
14.62 0.731037 -10.7076 0.14623 -0.526315 0.944319 0.747044 0.184117
14.63 0.731537 -10.7074 0.14633 -0.526886 0.947106 0.745314 0.185908
14.64 0.732037 -10.7072 0.14643 -0.527459 0.949901 0.743577 0.187708
14.65 0.732537 -10.707 0.14653 -0.528032 0.952707 0.741834 0.189517
14.66 0.733037 -10.7068 0.14663 -0.528606 0.955523 0.740084 0.191335
14.67 0.733537 -10.7066 0.14673 -0.529181 0.958349 0.738327 0.193162
14.68 0.734037 -10.7064 0.14683 -0.529757 0.961185 0.736564 0.194998
14.69 0.734537 -10.7062 0.14693 -0.130708 0.73642 0.961903 0.0279333
14.7 0.735037 -10.706 0.14703 -0.13043 0.737628 0.960846 0.0286222
14.71 0.735537 -10.7058 0.14713 -0.13015 0.738832 0.959786 0.0293092
14.72 0.736037 -10.7056 0.14723 -0.129867 0.740032 0.958722 0.0299942
14.73 0.736538 -10.7054 0.14733 -0.129582 0.741229 0.957655 0.0306773
14.74 0.737038 -10.7052 0.14743 -0.129295 0.742421 0.956585 0.0313583
14.75 0.737538 -10.705 0.14753 -0.129006 0.74361 0.955511 0.0320374
14.76 0.738038 -10.7048 0.14763 -0.128714 0.744795 0.954435 0.0327145
14.77 0.738538 -10.7046 0.14773 -0.12842 0.745976 0.953355 0.0333896
14.78 0.739038 -10.7044 0.14783 -0.128123 0.747153 0.952272 0.0340627
14.79 0.739538 -10.7042 0.14793 -0.127825 0.748327 0.951185 0.0347338
14.8 0.740038 -10.704 0.14803 -0.127524 0.749496 0.950096 0.0354029
14.81 0.740538 -10.7038 0.14813 -0.127221 0.750662 0.949003 0.0360699
14.82 0.741038 -10.7036 0.14823 -0.126915 0.751824 0.947907 0.0367349
14.83 0.741538 -10.7034 0.14833 -0.126607 0.752981 0.946808 0.0373978
14.84 0.742038 -10.7032 0.14843 -0.126297 0.754135 0.945707 0.0380587
14.85 0.742538 -10.703 0.14853 -0.125984 0.755285 0.944602 0.0387175
14.86 0.743038 -10.7028 0.14863 -0.12567 0.756431 0.943494 0.0393742
14.87 0.743538 -10.7026 0.14873 -0.125352 0.757574 0.942383 0.0400289
14.88 0.744038 -10.7024 0.14883 -0.125033 0.758712 0.941268 0.0406814
14.89 0.744538 -10.7022 0.14893 -0.124711 0.759846 0.940151 0.0413319
14.9 0.745038 -10.702 0.14903 -0.124387 0.760976 0.939032 0.0419803
14.91 0.745538 -10.7018 0.14913 -0.12406 0.762102 0.937909 0.0426266
14.92 0.746038 -10.7016 0.14923 -0.123732 0.763225 0.936783 0.0432707
14.93 0.746538 -10.7014 0.14933 -0.1234 0.764343 0.935654 0.0439127
14.94 0.747038 -10.7012 0.149431 -0.123067 0.765457 0.934522 0.0445526
14.95 0.747538 -10.701 0.149531 -0.122731 0.766568 0.933388 0.0451903
14.96 0.748039 -10.7008 0.149631 -0.122393 0.767674 0.932251 0.0458259
14.97 0.748539 -10.7006 0.149731 -0.122052 0.768776 0.931111 0.0464593
14.98 0.749039 -10.7004 0.149831 -0.121709 0.769875 0.929968 0.0470906
14.99 0.749539 -10.7002 0.149931 -0.121364 0.770969 0.928822 0.0477197
15 0.750039 -10.7 0.150031 -0.121016 0.772059 0.927673 0.0483466
15.01 0.750539 -10.6998 0.150131 -0.120666 0.773145 0.926522 0.0489713
15.02 0.751039 -10.6996 0.150231 -0.120314 0.774227 0.925368 0.0495938
15.03 0.751539 -10.6994 0.150331 -0.119959 0.775305 0.924212 0.0502141
15.04 0.752039 -10.6992 0.150431 -0.119602 0.776379 0.923052 0.0508321
15.05 0.752539 -10.699 0.150531 -0.119242 0.777449 0.92189 0.051448
15.06 0.753039 -10.6988 0.150631 -0.118881 0.778515 0.920726 0.0520616
15.07 0.753539 -10.6986 0.150731 -0.118516 0.779577 0.919558 0.052673
15.08 0.754039 -10.6984 0.150831 -0.11815 0.780634 0.918388 0.0532821
15.09 0.754539 -10.6982 0.150931 -0.11778 0.781688 0.917216 0.053889
15.1 0.755039 -10.698 0.151031 -0.117409 0.782737 0.916041 0.0544936
15.11 0.755539 -10.6978 0.151131 -0.117035 0.783782 0.914863 0.0550959
15.12 0.756039 -10.6976 0.151231 -0.116659 0.784824 0.913683 0.055696
15.13 0.756539 -10.6974 0.151331 -0.11628 0.785861 0.912501 0.0562938
15.14 0.757039 -10.6972 0.151431 -0.115899 0.786894 0.911316 0.0568892
15.15 0.757539 -10.697 0.151531 -0.115516 0.787923 0.910128 0.0574824
15.16 0.758039 -10.6968 0.151631 -0.11513 0.788947 0.908938 0.0580733
15.17 0.758539 -10.6966 0.151731 -0.114741 0.789968 0.907745 0.0586618
15.18 0.759039 -10.6964 0.151831 -0.114351 0.790984 0.90655 0.059248
15.19 0.759539 -10.6962 0.151931 -0.113958 0.791997 0.905353 0.0598318
15.2 0.76004 -10.696 0.152031 -0.113562 0.793005 0.904154 0.0604134
15.21 0.76054 -10.6958 0.152131 -0.113164 0.794009 0.902951 0.0609925
15.22 0.76104 -10.6956 0.152231 -0.112763 0.795009 0.901747 0.0615693
15.23 0.76154 -10.6954 0.152331 -0.112361 0.796004 0.90054 0.0621438
15.24 0.76204 -10.6952 0.152431 -0.111955 0.796996 0.899331 0.0627158
15.25 0.76254 -10.695 0.152531 -0.111548 0.797983 0.89812 0.0632855
15.26 0.76304 -10.6948 0.152631 -0.111137 0.798966 0.896907 0.0638527
15.27 0.76354 -10.6946 0.152731 -0.110725 0.799945 0.895691 0.0644176
15.28 0.76404 -10.6944 0.152831 -0.11031 0.80092 0.894473 0.0649801
15.29 0.76454 -10.6942 0.152931 -0.109892 0.801891 0.893252 0.0655401
15.3 0.76504 -10.694 0.153031 -0.109472 0.802857 0.89203 0.0660977
15.31 0.76554 -10.6938 0.153131 -0.10905 0.80382 0.890805 0.0666529
15.32 0.76604 -10.6936 0.153231 -0.108625 0.804778 0.889579 0.0672056
15.33 0.76654 -10.6934 0.153331 -0.108198 0.805732 0.88835 0.0677559
15.34 0.76704 -10.6932 0.153431 -0.107768 0.806681 0.887119 0.0683037
15.35 0.76754 -10.693 0.153531 -0.107336 0.807627 0.885886 0.068849
15.36 0.76804 -10.6928 0.153631 -0.106901 0.808568 0.88465 0.0693919
15.37 0.76854 -10.6926 0.153731 -0.106464 0.809505 0.883413 0.0699323
15.38 0.76904 -10.6924 0.153831 -0.106024 0.810438 0.882174 0.0704702
15.39 0.76954 -10.6922 0.153931 -0.105582 0.811367 0.880933 0.0710056
15.4 0.77004 -10.692 0.154031 -0.105137 0.812292 0.879689 0.0715385
15.41 0.77054 -10.6918 0.154131 -0.10469 0.813212 0.878444 0.0720688
15.42 0.77104 -10.6916 0.154232 -0.10424 0.814128 0.877197 0.0725967
15.43 0.771541 -10.6914 0.154332 -0.103788 0.81504 0.875947 0.073122
15.44 0.772041 -10.6912 0.154432 -0.103334 0.815948 0.874696 0.0736447
15.45 0.772541 -10.691 0.154532 -0.102877 0.816851 0.873443 0.0741649
15.46 0.773041 -10.6908 0.154632 -0.102417 0.81775 0.872188 0.0746826
15.47 0.773541 -10.6906 0.154732 -0.101955 0.818645 0.870931 0.0751977
15.48 0.774041 -10.6904 0.154832 -0.101491 0.819536 0.869672 0.0757102
15.49 0.774541 -10.6902 0.154932 -0.101024 0.820423 0.868412 0.0762201
15.5 0.775041 -10.69 0.155032 -0.100554 0.821305 0.867149 0.0767274
15.51 0.775541 -10.6898 0.155132 -0.100082 0.822184 0.865885 0.0772322
15.52 0.776041 -10.6896 0.155232 -0.0996076 0.823058 0.864619 0.0777343
15.53 0.776541 -10.6894 0.155332 -0.0991305 0.823927 0.863351 0.0782338
15.54 0.777041 -10.6892 0.155432 -0.098651 0.824793 0.862082 0.0787307
15.55 0.777541 -10.689 0.155532 -0.0981689 0.825654 0.86081 0.0792249
15.56 0.778041 -10.6888 0.155632 -0.0976843 0.826511 0.859537 0.0797165
15.57 0.778541 -10.6886 0.155732 -0.0971972 0.827364 0.858262 0.0802055
15.58 0.779041 -10.6884 0.155832 -0.0967075 0.828213 0.856986 0.0806918
15.59 0.779541 -10.6882 0.155932 -0.0962154 0.829057 0.855708 0.0811754
15.6 0.780041 -10.688 0.156032 -0.0957207 0.829898 0.854428 0.0816563
15.61 0.780541 -10.6878 0.156132 -0.0952235 0.830734 0.853146 0.0821346
15.62 0.781041 -10.6876 0.156232 -0.0947237 0.831566 0.851863 0.0826102
15.63 0.781541 -10.6874 0.156332 -0.0942215 0.832393 0.850579 0.0830831
15.64 0.782041 -10.6872 0.156432 -0.0937166 0.833217 0.849292 0.0835532
15.65 0.782541 -10.687 0.156532 -0.0932093 0.834036 0.848005 0.0840207
15.66 0.783042 -10.6868 0.156632 -0.0926994 0.834851 0.846715 0.0844854
15.67 0.783542 -10.6866 0.156732 -0.092187 0.835662 0.845424 0.0849474
15.68 0.784042 -10.6864 0.156832 -0.091672 0.836469 0.844132 0.0854066
15.69 0.784542 -10.6862 0.156932 -0.0911544 0.837271 0.842838 0.0858631
15.7 0.785042 -10.686 0.157032 -0.0906344 0.838069 0.841542 0.0863169
15.71 0.785542 -10.6858 0.157132 -0.0901117 0.838863 0.840245 0.0867678
15.72 0.786042 -10.6856 0.157232 -0.0895866 0.839653 0.838947 0.087216
15.73 0.786542 -10.6854 0.157332 -0.0890588 0.840439 0.837647 0.0876614
15.74 0.787042 -10.6852 0.157432 -0.0885285 0.84122 0.836346 0.088104
15.75 0.787542 -10.685 0.157532 -0.0879957 0.841998 0.835043 0.0885438
15.76 0.788042 -10.6848 0.157632 -0.0874602 0.842771 0.833739 0.0889808
15.77 0.788542 -10.6846 0.157732 -0.0869222 0.84354 0.832434 0.089415
15.78 0.789042 -10.6844 0.157832 -0.0863817 0.844304 0.831127 0.0898464
15.79 0.789542 -10.6842 0.157932 -0.0858386 0.845065 0.829819 0.0902749
15.8 0.790042 -10.684 0.158032 -0.0852929 0.845821 0.828509 0.0907006
15.81 0.790542 -10.6838 0.158132 -0.0847446 0.846574 0.827199 0.0911234
15.82 0.791042 -10.6836 0.158232 -0.0841938 0.847322 0.825887 0.0915434
15.83 0.791542 -10.6834 0.158332 -0.0836403 0.848065 0.824573 0.0919605
15.84 0.792042 -10.6832 0.158432 -0.0830843 0.848805 0.823259 0.0923747
15.85 0.792542 -10.683 0.158532 -0.0825257 0.849541 0.821943 0.092786
15.86 0.793042 -10.6828 0.158632 -0.0819646 0.850272 0.820626 0.0931945
15.87 0.793542 -10.6826 0.158732 -0.0814008 0.851 0.819307 0.0936
15.88 0.794042 -10.6824 0.158832 -0.0808345 0.851723 0.817988 0.0940026
15.89 0.794542 -10.6822 0.158932 -0.0802655 0.852442 0.816667 0.0944024
15.9 0.795043 -10.682 0.159033 -0.079694 0.853157 0.815345 0.0947991
15.91 0.795543 -10.6818 0.159133 -0.0791199 0.853867 0.814022 0.095193
15.92 0.796043 -10.6816 0.159233 -0.0785432 0.854574 0.812698 0.0955839
15.93 0.796543 -10.6814 0.159333 -0.0779638 0.855276 0.811372 0.0959718
15.94 0.797043 -10.6812 0.159433 -0.0773819 0.855975 0.810046 0.0963568
15.95 0.797543 -10.681 0.159533 -0.0767974 0.856669 0.808718 0.0967388
15.96 0.798043 -10.6808 0.159633 -0.0762103 0.857359 0.80739 0.0971178
15.97 0.798543 -10.6806 0.159733 -0.0756205 0.858045 0.80606 0.0974939
15.98 0.799043 -10.6804 0.159833 -0.0750282 0.858727 0.804729 0.0978669
15.99 0.799543 -10.6802 0.159933 -0.0744332 0.859405 0.803397 0.098237
16 0.800043 -10.68 0.160033 -0.0738356 0.860079 0.802064 0.098604
16.01 0.800543 -10.6798 0.160133 -0.0732354 0.860748 0.800731 0.098968
16.02 0.801043 -10.6796 0.160233 -0.0726326 0.861414 0.799396 0.099329
16.03 0.801543 -10.6794 0.160333 -0.0720272 0.862075 0.79806 0.0996869
16.04 0.802043 -10.6792 0.160433 -0.0714192 0.862733 0.796723 0.100042
16.05 0.802543 -10.679 0.160533 -0.0708085 0.863386 0.795385 0.100394
16.06 0.803043 -10.6788 0.160633 -0.0701952 0.864036 0.794047 0.100742
16.07 0.803543 -10.6786 0.160733 -0.0695793 0.864681 0.792707 0.101088
16.08 0.804043 -10.6784 0.160833 -0.0689607 0.865322 0.791366 0.101431
16.09 0.804543 -10.6782 0.160933 -0.0683396 0.865959 0.790025 0.10177
16.1 0.805043 -10.678 0.161033 -0.0677157 0.866592 0.788683 0.102107
16.11 0.805543 -10.6778 0.161133 -0.0670893 0.867222 0.787339 0.10244
16.12 0.806043 -10.6776 0.161233 -0.0664602 0.867847 0.785995 0.10277
16.13 0.806544 -10.6774 0.161333 -0.0658285 0.868468 0.784651 0.103097
16.14 0.807044 -10.6772 0.161433 -0.0651941 0.869085 0.783305 0.103421
16.15 0.807544 -10.677 0.161533 -0.0645571 0.869698 0.781958 0.103742
16.16 0.808044 -10.6768 0.161633 -0.0639175 0.870307 0.780611 0.10406
16.17 0.808544 -10.6766 0.161733 -0.0632752 0.870912 0.779263 0.104374
16.18 0.809044 -10.6764 0.161833 -0.0626302 0.871513 0.777914 0.104686
16.19 0.809544 -10.6762 0.161933 -0.0619826 0.87211 0.776564 0.104994
16.2 0.810044 -10.676 0.162033 -0.0613324 0.872703 0.775214 0.105299
16.21 0.810544 -10.6758 0.162133 -0.0606795 0.873292 0.773863 0.1056
16.22 0.811044 -10.6756 0.162233 -0.0600239 0.873877 0.772511 0.105899
16.23 0.811544 -10.6754 0.162333 -0.0593657 0.874459 0.771158 0.106194
16.24 0.812044 -10.6752 0.162433 -0.0587049 0.875036 0.769805 0.106487
16.25 0.812544 -10.675 0.162533 -0.0580413 0.875609 0.768451 0.106775
16.26 0.813044 -10.6748 0.162633 -0.0573752 0.876179 0.767096 0.107061
16.27 0.813544 -10.6746 0.162733 -0.0567063 0.876744 0.765741 0.107344
16.28 0.814044 -10.6744 0.162833 -0.0560348 0.877306 0.764385 0.107623
16.29 0.814544 -10.6742 0.162933 -0.0553606 0.877864 0.763028 0.107899
16.3 0.815044 -10.674 0.163033 -0.0546838 0.878417 0.761671 0.108171
16.31 0.815544 -10.6738 0.163133 -0.0540042 0.878967 0.760313 0.108441
16.32 0.816044 -10.6736 0.163233 -0.053322 0.879513 0.758955 0.108707
16.33 0.816544 -10.6734 0.163333 -0.0526372 0.880055 0.757596 0.10897
16.34 0.817044 -10.6732 0.163433 -0.0519496 0.880594 0.756236 0.109229
16.35 0.817544 -10.673 0.163533 -0.0512594 0.881128 0.754876 0.109485
16.36 0.818044 -10.6728 0.163633 -0.0505665 0.881659 0.753515 0.109738
16.37 0.818545 -10.6726 0.163733 -0.0498709 0.882185 0.752154 0.109988
16.38 0.819045 -10.6724 0.163834 -0.0491727 0.882708 0.750792 0.110234
16.39 0.819545 -10.6722 0.163934 -0.0484717 0.883227 0.74943 0.110477
16.4 0.820045 -10.672 0.164034 -0.0477681 0.883742 0.748067 0.110716
16.41 0.820545 -10.6718 0.164134 -0.0470618 0.884254 0.746704 0.110952
16.42 0.821045 -10.6716 0.164234 -0.0463528 0.884761 0.74534 0.111185
16.43 0.821545 -10.6714 0.164334 -0.0456411 0.885265 0.743976 0.111415
16.44 0.822045 -10.6712 0.164434 -0.0449267 0.885765 0.742611 0.111641
16.45 0.822545 -10.671 0.164534 -0.0442096 0.886262 0.741246 0.111863
16.46 0.823045 -10.6708 0.164634 -0.0434898 0.886754 0.739881 0.112082
16.47 0.823545 -10.6706 0.164734 -0.0427673 0.887243 0.738515 0.112298
16.48 0.824045 -10.6704 0.164834 -0.0420422 0.887728 0.737148 0.11251
16.49 0.824545 -10.6702 0.164934 -0.0413143 0.888209 0.735781 0.112719
16.5 0.825045 -10.67 0.165034 -0.0405837 0.888686 0.734414 0.112925
16.51 0.825545 -10.6698 0.165134 -0.0398505 0.88916 0.733047 0.113127
16.52 0.826045 -10.6696 0.165234 -0.0391145 0.88963 0.731679 0.113325
16.53 0.826545 -10.6694 0.165334 -0.0383758 0.890097 0.730311 0.11352
16.54 0.827045 -10.6692 0.165434 -0.0376344 0.890559 0.728942 0.113712
16.55 0.827545 -10.669 0.165534 -0.0368903 0.891018 0.727573 0.1139
16.56 0.828045 -10.6688 0.165634 -0.0361435 0.891474 0.726204 0.114085
16.57 0.828545 -10.6686 0.165734 -0.035394 0.891925 0.724834 0.114266
16.58 0.829045 -10.6684 0.165834 -0.0346418 0.892373 0.723464 0.114444
16.59 0.829545 -10.6682 0.165934 -0.0338869 0.892817 0.722094 0.114618
16.6 0.830046 -10.668 0.166034 -0.0331292 0.893258 0.720723 0.114788
16.61 0.830546 -10.6678 0.166134 -0.0323688 0.893695 0.719353 0.114955
16.62 0.831046 -10.6676 0.166234 -0.0316057 0.894129 0.717982 0.115119
16.63 0.831546 -10.6674 0.166334 -0.0308399 0.894558 0.71661 0.115279
16.64 0.832046 -10.6672 0.166434 -0.0300714 0.894985 0.715239 0.115435
16.65 0.832546 -10.667 0.166534 -0.0293002 0.895407 0.713867 0.115588
16.66 0.833046 -10.6668 0.166634 -0.0285262 0.895826 0.712495 0.115737
16.67 0.833546 -10.6666 0.166734 -0.0277495 0.896242 0.711123 0.115883
16.68 0.834046 -10.6664 0.166834 -0.0269701 0.896654 0.709751 0.116025
16.69 0.834546 -10.6662 0.166934 -0.0261879 0.897062 0.708378 0.116164
16.7 0.835046 -10.666 0.167034 -0.0254031 0.897467 0.707005 0.116298
16.71 0.835546 -10.6658 0.167134 -0.0246155 0.897868 0.705632 0.11643
16.72 0.836046 -10.6656 0.167234 -0.0238251 0.898266 0.704259 0.116557
16.73 0.836546 -10.6654 0.167334 -0.0230321 0.89866 0.702886 0.116681
16.74 0.837046 -10.6652 0.167434 -0.0222363 0.899051 0.701512 0.116802
16.75 0.837546 -10.665 0.167534 -0.0214377 0.899438 0.700139 0.116918
16.76 0.838046 -10.6648 0.167634 -0.0206365 0.899822 0.698765 0.117031
16.77 0.838546 -10.6646 0.167734 -0.0198325 0.900203 0.697391 0.117141
16.78 0.839046 -10.6644 0.167834 -0.0190257 0.900579 0.696018 0.117246
16.79 0.839546 -10.6642 0.167934 -0.0182163 0.900953 0.694644 0.117348
16.8 0.840046 -10.664 0.168034 -0.017404 0.901323 0.693269 0.117447
16.81 0.840546 -10.6638 0.168134 -0.0165891 0.90169 0.691895 0.117541
16.82 0.841046 -10.6636 0.168234 -0.0157714 0.902053 0.690521 0.117632
16.83 0.841546 -10.6634 0.168334 -0.0149509 0.902413 0.689147 0.117719
16.84 0.842047 -10.6632 0.168434 -0.0141278 0.902769 0.687772 0.117803
16.85 0.842547 -10.663 0.168534 -0.0133018 0.903122 0.686398 0.117882
16.86 0.843047 -10.6628 0.168635 -0.0124732 0.903472 0.685023 0.117958
16.87 0.843547 -10.6626 0.168735 -0.0116417 0.903818 0.683649 0.118031
16.88 0.844047 -10.6624 0.168835 -0.0108076 0.904161 0.682274 0.118099
16.89 0.844547 -10.6622 0.168935 -0.00997066 0.904501 0.6809 0.118164
16.9 0.845047 -10.662 0.169035 -0.009131 0.904837 0.679525 0.118225
16.91 0.845547 -10.6618 0.169135 -0.00828858 0.90517 0.678151 0.118282
16.92 0.846047 -10.6616 0.169235 -0.00744341 0.9055 0.676776 0.118335
16.93 0.846547 -10.6614 0.169335 -0.00659549 0.905826 0.675402 0.118385
16.94 0.847047 -10.6612 0.169435 -0.00574482 0.906149 0.674027 0.11843
16.95 0.847547 -10.661 0.169535 -0.0048914 0.906469 0.672653 0.118472
16.96 0.848047 -10.6608 0.169635 -0.00403522 0.906786 0.671278 0.11851
16.97 0.848547 -10.6606 0.169735 -0.00317628 0.907099 0.669904 0.118544
16.98 0.849047 -10.6604 0.169835 -0.00231459 0.907409 0.668529 0.118575
16.99 0.849547 -10.6602 0.169935 -0.00145014 0.907716 0.667155 0.118601
17 0.850047 -10.66 0.170035 -0.000582937 0.90802 0.665781 0.118624
17.01 0.850547 -10.6598 0.170135 0.000287027 0.908321 0.664407 0.118643
17.02 0.851047 -10.6596 0.170235 0.00115975 0.908618 0.663033 0.118658
17.03 0.851547 -10.6594 0.170335 0.00203523 0.908912 0.661659 0.118669
17.04 0.852047 -10.6592 0.170435 0.00291348 0.909203 0.660285 0.118676
17.05 0.852547 -10.659 0.170535 0.00379448 0.909491 0.658911 0.118679
17.06 0.853047 -10.6588 0.170635 0.00467825 0.909776 0.657537 0.118679
17.07 0.853548 -10.6586 0.170735 0.00556478 0.910058 0.656164 0.118674
17.08 0.854048 -10.6584 0.170835 0.00645408 0.910336 0.654791 0.118666
17.09 0.854548 -10.6582 0.170935 0.00734613 0.910612 0.653417 0.118653
17.1 0.855048 -10.658 0.171035 0.00824095 0.910884 0.652044 0.118637
17.11 0.855548 -10.6578 0.171135 0.00913854 0.911153 0.650671 0.118616
17.12 0.856048 -10.6576 0.171235 0.0100389 0.911419 0.649298 0.118592
17.13 0.856548 -10.6574 0.171335 0.010942 0.911683 0.647926 0.118564
17.14 0.857048 -10.6572 0.171435 0.0118479 0.911943 0.646553 0.118532
17.15 0.857548 -10.657 0.171535 0.0127565 0.9122 0.645181 0.118496
17.16 0.858048 -10.6568 0.171635 0.013668 0.912454 0.643809 0.118456
17.17 0.858548 -10.6566 0.171735 0.0145821 0.912705 0.642437 0.118411
17.18 0.859048 -10.6564 0.171835 0.0154991 0.912953 0.641065 0.118363
17.19 0.859548 -10.6562 0.171935 0.0164188 0.913199 0.639694 0.118311
17.2 0.860048 -10.656 0.172035 0.0173413 0.913441 0.638322 0.118255
17.21 0.860548 -10.6558 0.172135 0.0182666 0.91368 0.636951 0.118195
17.22 0.861048 -10.6556 0.172235 0.0191946 0.913916 0.63558 0.11813
17.23 0.861548 -10.6554 0.172335 0.0201254 0.91415 0.63421 0.118062
17.24 0.862048 -10.6552 0.172435 0.021059 0.91438 0.632839 0.11799
17.25 0.862548 -10.655 0.172535 0.0219953 0.914608 0.631469 0.117913
17.26 0.863048 -10.6548 0.172635 0.0229344 0.914833 0.630099 0.117833
17.27 0.863548 -10.6546 0.172735 0.0238763 0.915055 0.628729 0.117749
17.28 0.864048 -10.6544 0.172835 0.024821 0.915274 0.62736 0.11766
17.29 0.864548 -10.6542 0.172935 0.0257684 0.91549 0.62599 0.117567
17.3 0.865048 -10.654 0.173035 0.0267186 0.915703 0.624621 0.117471
17.31 0.865549 -10.6538 0.173135 0.0276715 0.915914 0.623253 0.11737
17.32 0.866049 -10.6536 0.173235 0.0286273 0.916122 0.621884 0.117265
17.33 0.866549 -10.6534 0.173335 0.0295858 0.916327 0.620516 0.117156
17.34 0.867049 -10.6532 0.173436 0.0305471 0.916529 0.619148 0.117042
17.35 0.867549 -10.653 0.173536 0.0315111 0.916728 0.617781 0.116925
17.36 0.868049 -10.6528 0.173636 0.0324779 0.916925 0.616414 0.116804
17.37 0.868549 -10.6526 0.173736 0.0334475 0.917119 0.615047 0.116678
17.38 0.869049 -10.6524 0.173836 0.0344199 0.91731 0.61368 0.116548
17.39 0.869549 -10.6522 0.173936 1.02448 0.116296 0.44405 0.91843
17.4 0.870049 -10.652 0.174036 1.02464 0.116022 0.444573 0.919697
17.41 0.870549 -10.6518 0.174136 1.02481 0.115743 0.445096 0.920963
17.42 0.871049 -10.6516 0.174236 1.02498 0.115462 0.44562 0.922227
17.43 0.871549 -10.6514 0.174336 1.02516 0.115177 0.446146 0.923488
17.44 0.872049 -10.6512 0.174436 1.02533 0.114888 0.446672 0.924747
17.45 0.872549 -10.651 0.174536 1.0255 0.114596 0.4472 0.926005
17.46 0.873049 -10.6508 0.174636 1.02568 0.1143 0.447728 0.92726
17.47 0.873549 -10.6506 0.174736 1.02585 0.114001 0.448257 0.928513
17.48 0.874049 -10.6504 0.174836 1.02603 0.113698 0.448788 0.929764
17.49 0.874549 -10.6502 0.174936 1.02621 0.113392 0.44932 0.931013
17.5 0.875049 -10.65 0.175036 1.02638 0.113082 0.449852 0.93226
17.51 0.875549 -10.6498 0.175136 1.02656 0.112769 0.450386 0.933505
17.52 0.876049 -10.6496 0.175236 1.02674 0.112452 0.450921 0.934747
17.53 0.876549 -10.6494 0.175336 1.02693 0.112132 0.451456 0.935988
17.54 0.87705 -10.6492 0.175436 1.02711 0.111809 0.451993 0.937226
17.55 0.87755 -10.649 0.175536 1.02729 0.111482 0.452532 0.938463
17.56 0.87805 -10.6488 0.175636 1.02748 0.111151 0.453071 0.939697
17.57 0.87855 -10.6486 0.175736 1.02766 0.110818 0.453611 0.940929
17.58 0.87905 -10.6484 0.175836 1.02785 0.11048 0.454152 0.942159
17.59 0.87955 -10.6482 0.175936 1.02804 0.11014 0.454695 0.943386
17.6 0.88005 -10.648 0.176036 1.02823 0.109795 0.455239 0.944612
17.61 0.88055 -10.6478 0.176136 1.02842 0.109448 0.455784 0.945835
17.62 0.88105 -10.6476 0.176236 1.02861 0.109097 0.45633 0.947057
17.63 0.88155 -10.6474 0.176336 1.0288 0.108743 0.456877 0.948276
17.64 0.88205 -10.6472 0.176436 1.02899 0.108385 0.457425 0.949493
17.65 0.88255 -10.647 0.176536 1.02918 0.108024 0.457975 0.950708
17.66 0.88305 -10.6468 0.176636 1.02938 0.107659 0.458526 0.95192
17.67 0.88355 -10.6466 0.176736 1.02957 0.107292 0.459078 0.953131
17.68 0.88405 -10.6464 0.176836 1.02977 0.10692 0.459631 0.954339
17.69 0.88455 -10.6462 0.176936 1.02997 0.106546 0.460185 0.955545
17.7 0.88505 -10.646 0.177036 1.03017 0.106168 0.460741 0.956749
17.71 0.88555 -10.6458 0.177136 1.03037 0.105787 0.461298 0.957951
17.72 0.88605 -10.6456 0.177236 1.03057 0.105402 0.461856 0.959151
17.73 0.88655 -10.6454 0.177336 1.03077 0.105014 0.462416 0.960348
17.74 0.88705 -10.6452 0.177436 1.03097 0.104623 0.462976 0.961543
17.75 0.88755 -10.645 0.177536 1.03117 0.104228 0.463538 0.962736
17.76 0.88805 -10.6448 0.177636 1.03138 0.103831 0.464102 0.963927
17.77 0.88855 -10.6446 0.177736 1.03158 0.103429 0.464666 0.965115
17.78 0.889051 -10.6444 0.177836 1.03179 0.103025 0.465232 0.966302
17.79 0.889551 -10.6442 0.177936 1.032 0.102617 0.465799 0.967486
17.8 0.890051 -10.644 0.178036 1.03221 0.102206 0.466368 0.968668
17.81 0.890551 -10.6438 0.178136 1.03241 0.101792 0.466937 0.969847
17.82 0.891051 -10.6436 0.178237 1.03262 0.101374 0.467508 0.971025
17.83 0.891551 -10.6434 0.178337 1.03284 0.100953 0.468081 0.9722
17.84 0.892051 -10.6432 0.178437 1.03305 0.100529 0.468655 0.973373
17.85 0.892551 -10.643 0.178537 1.03326 0.100102 0.46923 0.974544
17.86 0.893051 -10.6428 0.178637 1.03348 0.0996714 0.469806 0.975712
17.87 0.893551 -10.6426 0.178737 1.03369 0.0992376 0.470384 0.976879
17.88 0.894051 -10.6424 0.178837 1.03391 0.0988005 0.470963 0.978043
17.89 0.894551 -10.6422 0.178937 1.03412 0.0983602 0.471544 0.979204
17.9 0.895051 -10.642 0.179037 1.03434 0.0979167 0.472126 0.980364
17.91 0.895551 -10.6418 0.179137 1.03456 0.09747 0.472709 0.981521
17.92 0.896051 -10.6416 0.179237 1.03478 0.0970201 0.473294 0.982676
17.93 0.896551 -10.6414 0.179337 1.035 0.0965669 0.47388 0.983829
17.94 0.897051 -10.6412 0.179437 1.03522 0.0961106 0.474467 0.984979
17.95 0.897551 -10.641 0.179537 1.03544 0.0956511 0.475056 0.986127
17.96 0.898051 -10.6408 0.179637 1.03567 0.0951884 0.475646 0.987273
17.97 0.898551 -10.6406 0.179737 1.03589 0.0947226 0.476238 0.988417
17.98 0.899051 -10.6404 0.179837 1.03612 0.0942536 0.476831 0.989558
17.99 0.899551 -10.6402 0.179937 1.03634 0.0937814 0.477426 0.990697
18 0.900051 -10.64 0.180037 1.03657 0.093306 0.478022 0.991833
18.01 0.900552 -10.6398 0.180137 1.0368 0.0928275 0.47862 0.992968
18.02 0.901052 -10.6396 0.180237 1.03703 0.0923459 0.479219 0.9941
18.03 0.901552 -10.6394 0.180337 1.03726 0.0918612 0.479819 0.99523
18.04 0.902052 -10.6392 0.180437 1.03749 0.0913733 0.480421 0.996357
18.05 0.902552 -10.639 0.180537 1.03772 0.0908823 0.481024 0.997482
18.06 0.903052 -10.6388 0.180637 1.03795 0.0903881 0.481629 0.998605
18.07 0.903552 -10.6386 0.180737 1.03819 0.0898909 0.482236 0.999726
18.08 0.904052 -10.6384 0.180837 1.03842 0.0893906 0.482843 1.00084
18.09 0.904552 -10.6382 0.180937 1.03866 0.0888872 0.483453 1.00196
18.1 0.905052 -10.638 0.181037 1.0389 0.0883806 0.484064 1.00307
18.11 0.905552 -10.6378 0.181137 1.03913 0.087871 0.484676 1.00418
18.12 0.906052 -10.6376 0.181237 1.03937 0.0873584 0.48529 1.00529
18.13 0.906552 -10.6374 0.181337 1.03961 0.0868426 0.485905 1.0064
18.14 0.907052 -10.6372 0.181437 1.03985 0.0863238 0.486522 1.0075
18.15 0.907552 -10.637 0.181537 1.04009 0.085802 0.487141 1.00861
18.16 0.908052 -10.6368 0.181637 1.04034 0.0852771 0.487761 1.00971
18.17 0.908552 -10.6366 0.181737 1.04058 0.0847491 0.488382 1.0108
18.18 0.909052 -10.6364 0.181837 1.04082 0.0842181 0.489005 1.0119
18.19 0.909552 -10.6362 0.181937 1.04107 0.0836841 0.48963 1.01299
18.2 0.910052 -10.636 0.182037 1.04131 0.083147 0.490256 1.01408
18.21 0.910552 -10.6358 0.182137 1.04156 0.082607 0.490884 1.01517
18.22 0.911052 -10.6356 0.182237 1.04181 0.0820639 0.491513 1.01625
18.23 0.911552 -10.6354 0.182337 1.04206 0.0815178 0.492144 1.01734
18.24 0.912052 -10.6352 0.182437 1.04231 0.0809687 0.492777 1.01842
18.25 0.912553 -10.635 0.182537 1.04256 0.0804167 0.493411 1.01949
18.26 0.913053 -10.6348 0.182637 1.04281 0.0798616 0.494047 1.02057
18.27 0.913553 -10.6346 0.182737 1.04306 0.0793036 0.494684 1.02164
18.28 0.914053 -10.6344 0.182837 1.04332 0.0787426 0.495323 1.02272
18.29 0.914553 -10.6342 0.182937 1.04357 0.0781786 0.495963 1.02378
18.3 0.915053 -10.634 0.183038 1.04383 0.0776117 0.496605 1.02485
18.31 0.915553 -10.6338 0.183138 1.04408 0.0770418 0.497249 1.02591
18.32 0.916053 -10.6336 0.183238 1.04434 0.0764689 0.497894 1.02698
18.33 0.916553 -10.6334 0.183338 1.0446 0.0758932 0.498541 1.02803
18.34 0.917053 -10.6332 0.183438 1.04486 0.0753144 0.49919 1.02909
18.35 0.917553 -10.633 0.183538 1.04512 0.0747328 0.49984 1.03015
18.36 0.918053 -10.6328 0.183638 1.04538 0.0741482 0.500492 1.0312
18.37 0.918553 -10.6326 0.183738 1.04564 0.0735608 0.501146 1.03225
18.38 0.919053 -10.6324 0.183838 1.0459 0.0729704 0.501801 1.03329
18.39 0.919553 -10.6322 0.183938 1.04617 0.0723771 0.502458 1.03434
18.4 0.920053 -10.632 0.184038 1.04643 0.0717809 0.503116 1.03538
18.41 0.920553 -10.6318 0.184138 1.0467 0.0711818 0.503776 1.03642
18.42 0.921053 -10.6316 0.184238 1.04696 0.0705799 0.504438 1.03746
18.43 0.921553 -10.6314 0.184338 1.04723 0.0699751 0.505102 1.03849
18.44 0.922053 -10.6312 0.184438 1.0475 0.0693674 0.505767 1.03953
18.45 0.922553 -10.631 0.184538 1.04777 0.0687568 0.506434 1.04056
18.46 0.923053 -10.6308 0.184638 1.04804 0.0681434 0.507102 1.04158
18.47 0.923553 -10.6306 0.184738 1.04831 0.0675271 0.507772 1.04261
18.48 0.924054 -10.6304 0.184838 1.04858 0.066908 0.508444 1.04363
18.49 0.924554 -10.6302 0.184938 1.04885 0.066286 0.509118 1.04465
18.5 0.925054 -10.63 0.185038 1.04913 0.0656612 0.509793 1.04567
18.51 0.925554 -10.6298 0.185138 1.0494 0.0650336 0.51047 1.04668
18.52 0.926054 -10.6296 0.185238 1.04968 0.0644031 0.511149 1.0477
18.53 0.926554 -10.6294 0.185338 1.04996 0.0637699 0.511829 1.04871
18.54 0.927054 -10.6292 0.185438 1.05023 0.0631338 0.512512 1.04972
18.55 0.927554 -10.629 0.185538 1.05051 0.062495 0.513195 1.05072
18.56 0.928054 -10.6288 0.185638 1.05079 0.0618533 0.513881 1.05172
18.57 0.928554 -10.6286 0.185738 1.05107 0.0612089 0.514568 1.05273
18.58 0.929054 -10.6284 0.185838 1.05135 0.0605616 0.515257 1.05372
18.59 0.929554 -10.6282 0.185938 1.05163 0.0599116 0.515948 1.05472
18.6 0.930054 -10.628 0.186038 1.05192 0.0592589 0.516641 1.05571
18.61 0.930554 -10.6278 0.186138 1.0522 0.0586033 0.517335 1.0567
18.62 0.931054 -10.6276 0.186238 1.05249 0.057945 0.518031 1.05769
18.63 0.931554 -10.6274 0.186338 1.05277 0.057284 0.518729 1.05868
18.64 0.932054 -10.6272 0.186438 1.05306 0.0566202 0.519429 1.05966
18.65 0.932554 -10.627 0.186538 1.05335 0.0559537 0.52013 1.06064
18.66 0.933054 -10.6268 0.186638 1.05364 0.0552844 0.520833 1.06162
18.67 0.933554 -10.6266 0.186738 1.05392 0.0546124 0.521538 1.0626
18.68 0.934054 -10.6264 0.186838 1.05422 0.0539377 0.522244 1.06357
18.69 0.934554 -10.6262 0.186938 1.05451 0.0532603 0.522953 1.06454
18.7 0.935054 -10.626 0.187038 1.0548 0.0525802 0.523663 1.06551
18.71 0.935554 -10.6258 0.187138 1.05509 0.0518973 0.524375 1.06647
18.72 0.936055 -10.6256 0.187238 1.05539 0.0512118 0.525089 1.06744
18.73 0.936555 -10.6254 0.187338 1.05568 0.0505236 0.525804 1.0684
18.74 0.937055 -10.6252 0.187438 1.05598 0.0498327 0.526522 1.06936
18.75 0.937555 -10.625 0.187538 1.05627 0.0491392 0.527241 1.07031
18.76 0.938055 -10.6248 0.187638 1.05657 0.0484429 0.527962 1.07126
18.77 0.938555 -10.6246 0.187738 1.05687 0.047744 0.528685 1.07222
18.78 0.939055 -10.6244 0.187839 1.05717 0.0470425 0.529409 1.07316
18.79 0.939555 -10.6242 0.187939 1.05747 0.0463382 0.530135 1.07411
18.8 0.940055 -10.624 0.188039 1.05777 0.0456314 0.530864 1.07505
18.81 0.940555 -10.6238 0.188139 1.05808 0.0449219 0.531594 1.07599
18.82 0.941055 -10.6236 0.188239 1.05838 0.0442098 0.532325 1.07693
18.83 0.941555 -10.6234 0.188339 1.05868 0.043495 0.533059 1.07787
18.84 0.942055 -10.6232 0.188439 1.05899 0.0427776 0.533795 1.0788
18.85 0.942555 -10.623 0.188539 1.05929 0.0420577 0.534532 1.07973
18.86 0.943055 -10.6228 0.188639 1.0596 0.0413351 0.535271 1.08066
18.87 0.943555 -10.6226 0.188739 1.05991 0.0406099 0.536012 1.08158
18.88 0.944055 -10.6224 0.188839 1.06022 0.0398821 0.536755 1.08251
18.89 0.944555 -10.6222 0.188939 1.06053 0.0391517 0.537499 1.08343
18.9 0.945055 -10.622 0.189039 1.06084 0.0384187 0.538246 1.08434
18.91 0.945555 -10.6218 0.189139 1.06115 0.0376832 0.538994 1.08526
18.92 0.946055 -10.6216 0.189239 1.06146 0.0369451 0.539744 1.08617
18.93 0.946555 -10.6214 0.189339 1.06178 0.0362044 0.540496 1.08708
18.94 0.947055 -10.6212 0.189439 1.06209 0.0354611 0.54125 1.08799
18.95 0.947556 -10.621 0.189539 1.06241 0.0347154 0.542006 1.08889
18.96 0.948056 -10.6208 0.189639 1.06272 0.033967 0.542764 1.0898
18.97 0.948556 -10.6206 0.189739 1.06304 0.0332161 0.543523 1.0907
18.98 0.949056 -10.6204 0.189839 1.06336 0.0324627 0.544285 1.09159
18.99 0.949556 -10.6202 0.189939 1.06368 0.0317068 0.545048 1.09249
19 0.950056 -10.62 0.190039 1.064 0.0309483 0.545813 1.09338
19.01 0.950556 -10.6198 0.190139 1.06432 0.0301873 0.54658 1.09427
19.02 0.951056 -10.6196 0.190239 1.06464 0.0294238 0.547349 1.09516
19.03 0.951556 -10.6194 0.190339 1.06497 0.0286578 0.548119 1.09604
19.04 0.952056 -10.6192 0.190439 1.06529 0.0278893 0.548892 1.09692
19.05 0.952556 -10.619 0.190539 1.06561 0.0271184 0.549667 1.0978
19.06 0.953056 -10.6188 0.190639 1.06594 0.0263449 0.550443 1.09868
19.07 0.953556 -10.6186 0.190739 1.06627 0.0255689 0.551221 1.09955
19.08 0.954056 -10.6184 0.190839 1.0666 0.0247905 0.552002 1.10042
19.09 0.954556 -10.6182 0.190939 1.06692 0.0240096 0.552784 1.10129
19.1 0.955056 -10.618 0.191039 1.06725 0.0232262 0.553568 1.10216
19.11 0.955556 -10.6178 0.191139 1.06758 0.0224404 0.554353 1.10302
19.12 0.956056 -10.6176 0.191239 1.06792 0.0216521 0.555141 1.10388
19.13 0.956556 -10.6174 0.191339 1.06825 0.0208614 0.555931 1.10474
19.14 0.957056 -10.6172 0.191439 1.06858 0.0200683 0.556723 1.1056
19.15 0.957556 -10.617 0.191539 1.06892 0.0192727 0.557516 1.10645
19.16 0.958056 -10.6168 0.191639 1.06925 0.0184747 0.558312 1.1073
19.17 0.958556 -10.6166 0.191739 1.06959 0.0176743 0.559109 1.10815
19.18 0.959056 -10.6164 0.191839 1.06992 0.0168714 0.559908 1.10899
19.19 0.959557 -10.6162 0.191939 1.07026 0.0160662 0.560709 1.10984
19.2 0.960057 -10.616 0.192039 1.0706 0.0152585 0.561513 1.11068
19.21 0.960557 -10.6158 0.192139 1.07094 0.0144485 0.562318 1.11152
19.22 0.961057 -10.6156 0.192239 1.07128 0.013636 0.563125 1.11235
19.23 0.961557 -10.6154 0.192339 1.07162 0.0128212 0.563934 1.11318
19.24 0.962057 -10.6152 0.192439 1.07197 0.012004 0.564745 1.11401
19.25 0.962557 -10.615 0.192539 1.07231 0.0111844 0.565557 1.11484
19.26 0.963057 -10.6148 0.19264 1.07265 0.0103625 0.566372 1.11566
19.27 0.963557 -10.6146 0.19274 1.073 0.00953814 0.567189 1.11649
19.28 0.964057 -10.6144 0.19284 1.07335 0.00871148 0.568007 1.1173
19.29 0.964557 -10.6142 0.19294 1.07369 0.00788247 0.568828 1.11812
19.3 0.965057 -10.614 0.19304 1.07404 0.00705111 0.56965 1.11894
19.31 0.965557 -10.6138 0.19314 1.07439 0.00621741 0.570475 1.11975
19.32 0.966057 -10.6136 0.19324 1.07474 0.00538138 0.571301 1.12056
19.33 0.966557 -10.6134 0.19334 1.07509 0.00454303 0.57213 1.12136
19.34 0.967057 -10.6132 0.19344 1.07545 0.00370235 0.57296 1.12216
19.35 0.967557 -10.613 0.19354 1.0758 0.00285936 0.573792 1.12297
19.36 0.968057 -10.6128 0.19364 1.07615 0.00201407 0.574627 1.12376
19.37 0.968557 -10.6126 0.19374 1.07651 0.00116646 0.575463 1.12456
19.38 0.969057 -10.6124 0.19384 1.07687 0.000316565 0.576301 1.12535
19.39 0.969557 -10.6122 0.19394 1.07722 -0.000535624 0.577141 1.12614
19.4 0.970057 -10.612 0.19404 1.07758 -0.0013901 0.577983 1.12693
19.41 0.970557 -10.6118 0.19414 1.07794 -0.00224686 0.578828 1.12771
19.42 0.971058 -10.6116 0.19424 1.0783 -0.00310588 0.579674 1.1285
19.43 0.971558 -10.6114 0.19434 1.07866 -0.00396718 0.580522 1.12928
19.44 0.972058 -10.6112 0.19444 1.07902 -0.00483074 0.581372 1.13005
19.45 0.972558 -10.611 0.19454 1.07939 -0.00569656 0.582224 1.13083
19.46 0.973058 -10.6108 0.19464 1.07975 -0.00656463 0.583078 1.1316
19.47 0.973558 -10.6106 0.19474 1.08011 -0.00743494 0.583934 1.13237
19.48 0.974058 -10.6104 0.19484 1.08048 -0.00830749 0.584792 1.13313
19.49 0.974558 -10.6102 0.19494 1.08085 -0.00918228 0.585652 1.1339
19.5 0.975058 -10.61 0.19504 1.08121 -0.0100593 0.586514 1.13466
19.51 0.975558 -10.6098 0.19514 1.08158 -0.0109385 0.587377 1.13542
19.52 0.976058 -10.6096 0.19524 1.08195 -0.01182 0.588243 1.13617
19.53 0.976558 -10.6094 0.19534 1.08232 -0.0127037 0.589111 1.13692
19.54 0.977058 -10.6092 0.19544 1.08269 -0.0135895 0.589981 1.13767
19.55 0.977558 -10.609 0.19554 1.08307 -0.0144776 0.590853 1.13842
19.56 0.978058 -10.6088 0.19564 1.08344 -0.0153679 0.591727 1.13917
19.57 0.978558 -10.6086 0.19574 1.08382 -0.0162603 0.592603 1.13991
19.58 0.979058 -10.6084 0.19584 1.08419 -0.0171549 0.593481 1.14065
19.59 0.979558 -10.6082 0.19594 1.08457 -0.0180518 0.594361 1.14139
19.6 0.980058 -10.608 0.19604 1.08495 -0.0189507 0.595243 1.14212
19.61 0.980558 -10.6078 0.19614 1.08532 -0.0198519 0.596127 1.14285
19.62 0.981058 -10.6076 0.19624 1.0857 -0.0207552 0.597013 1.14358
19.63 0.981558 -10.6074 0.19634 1.08608 -0.0216607 0.597901 1.14431
19.64 0.982058 -10.6072 0.19644 1.08646 -0.0225683 0.598791 1.14503
19.65 0.982559 -10.607 0.19654 1.08685 -0.023478 0.599683 1.14575
19.66 0.983059 -10.6068 0.19664 1.08723 -0.0243899 0.600577 1.14647
19.67 0.983559 -10.6066 0.19674 1.08761 -0.025304 0.601473 1.14718
19.68 0.984059 -10.6064 0.19684 1.088 -0.0262201 0.602371 1.1479
19.69 0.984559 -10.6062 0.19694 1.08839 -0.0271384 0.603271 1.14861
19.7 0.985059 -10.606 0.19704 1.08877 -0.0280588 0.604173 1.14931
19.71 0.985559 -10.6058 0.19714 1.08916 -0.0289813 0.605077 1.15002
19.72 0.986059 -10.6056 0.19724 1.08955 -0.0299059 0.605983 1.15072
19.73 0.986559 -10.6054 0.19734 1.08994 -0.0308326 0.606892 1.15142
19.74 0.987059 -10.6052 0.197441 1.09033 -0.0317614 0.607802 1.15212
19.75 0.987559 -10.605 0.197541 1.09073 -0.0326923 0.608714 1.15281
19.76 0.988059 -10.6048 0.197641 1.09112 -0.0336253 0.609628 1.1535
19.77 0.988559 -10.6046 0.197741 1.09151 -0.0345603 0.610545 1.15419
19.78 0.989059 -10.6044 0.197841 1.09191 -0.0354974 0.611463 1.15487
19.79 0.989559 -10.6042 0.197941 1.0923 -0.0364366 0.612383 1.15556
19.8 0.990059 -10.604 0.198041 1.0927 -0.0373779 0.613306 1.15624
19.81 0.990559 -10.6038 0.198141 1.0931 -0.0383212 0.61423 1.15691
19.82 0.991059 -10.6036 0.198241 1.0935 -0.0392665 0.615157 1.15759
19.83 0.991559 -10.6034 0.198341 1.0939 -0.0402139 0.616086 1.15826
19.84 0.992059 -10.6032 0.198441 1.0943 -0.0411633 0.617016 1.15893
19.85 0.992559 -10.603 0.198541 1.0947 -0.0421148 0.617949 1.1596
19.86 0.993059 -10.6028 0.198641 1.09511 -0.0430683 0.618884 1.16026
19.87 0.993559 -10.6026 0.198741 1.09551 -0.0440238 0.61982 1.16092
19.88 0.994059 -10.6024 0.198841 1.09592 -0.0449814 0.620759 1.16158
19.89 0.99456 -10.6022 0.198941 1.09632 -0.0459409 0.6217 1.16224
19.9 0.99506 -10.602 0.199041 1.09673 -0.0469025 0.622643 1.16289
19.91 0.99556 -10.6018 0.199141 1.09714 -0.047866 0.623588 1.16354
19.92 0.99606 -10.6016 0.199241 1.09755 -0.0488316 0.624535 1.16419
19.93 0.99656 -10.6014 0.199341 1.09796 -0.0497991 0.625484 1.16483
19.94 0.99706 -10.6012 0.199441 1.09837 -0.0507687 0.626436 1.16547
19.95 0.99756 -10.601 0.199541 1.09878 -0.0517402 0.627389 1.16611
19.96 0.99806 -10.6008 0.199641 1.09919 -0.0527136 0.628344 1.16675
19.97 0.99856 -10.6006 0.199741 1.09961 -0.0536891 0.629302 1.16738
19.98 0.99906 -10.6004 0.199841 1.10002 -0.0546665 0.630261 1.16802
19.99 0.99956 -10.6002 0.199941 1.10044 -0.0556459 0.631222 1.16864
20 1.00006 -10.6 0.200041 1.10086 -0.0566272 0.632186 1.16927
