0 -11.0001 2.35256e-05 8.33456e-06 1 0 0 0
0.01 -10.9999 -0.000476516 0.000108355 0.999998 0.000499697 0.00166675 0.000166213
0.02 -10.9997 -0.000976558 0.000208375 0.999994 0.000998791 0.00333367 0.000331556
0.03 -10.9995 -0.0014766 0.000308395 0.999986 0.00149727 0.00500074 0.000495976
0.04 -10.9993 -0.00197664 0.000408415 0.999976 0.00199517 0.00666797 0.000659531
0.05 -10.9991 -0.00247668 0.000508435 0.999962 0.00249248 0.00833534 0.000822176
0.06 -10.9989 -0.00297673 0.000608455 0.999945 0.00298915 0.0100029 0.000983959
0.07 -10.9987 -0.00347677 0.000708476 0.999925 0.00348524 0.0116705 0.00114484
0.08 -10.9985 -0.00397681 0.000808496 0.999902 0.00398076 0.0133383 0.00130486
0.09 -10.9983 -0.00447685 0.000908516 0.999876 0.00447563 0.0150062 0.00146396
0.1 -10.9981 -0.00497689 0.00100854 0.999847 0.00496991 0.0166742 0.00162221
0.11 -10.9979 -0.00547694 0.00110856 0.999815 0.00546363 0.0183424 0.00177957
0.12 -10.9977 -0.00597698 0.00120858 0.99978 0.00595668 0.0200106 0.00193605
0.13 -10.9975 -0.00647702 0.0013086 0.999742 0.00644917 0.021679 0.00209167
0.14 -10.9973 -0.00697706 0.00140862 0.999701 0.00694106 0.0233474 0.00224639
0.15 -10.9971 -0.0074771 0.00150864 0.999657 0.00743234 0.0250159 0.00240025
0.16 -10.9969 -0.00797715 0.00160866 0.999609 0.00792301 0.0266845 0.00255325
0.17 -10.9967 -0.00847719 0.00170868 0.999559 0.00841311 0.0283532 0.00270536
0.18 -10.9965 -0.00897723 0.0018087 0.999506 0.00890259 0.030022 0.00285658
0.19 -10.9963 -0.00947727 0.00190872 0.999449 0.00939148 0.0316908 0.003007
0.2 -10.9961 -0.00997731 0.00200874 0.99939 0.00987976 0.0333597 0.00315651
0.21 -10.9959 -0.0104774 0.00210876 0.999327 0.0103675 0.0350286 0.00330515
0.22 -10.9957 -0.0109774 0.00220878 0.999261 0.0108545 0.0366976 0.00345293
0.23 -10.9955 -0.0114774 0.0023088 0.999193 0.011341 0.0383667 0.00359987
0.24 -10.9953 -0.0119775 0.00240882 0.999121 0.0118269 0.0400357 0.00374592
0.25 -10.9951 -0.0124775 0.00250884 0.999047 0.0123122 0.0417048 0.00389111
0.26 -10.9949 -0.0129776 0.00260886 0.998969 0.0127969 0.0433739 0.00403548
0.27 -10.9947 -0.0134776 0.00270888 0.998888 0.013281 0.0450431 0.00417894
0.28 -10.9945 -0.0139776 0.0028089 0.998804 0.0137645 0.0467122 0.00432156
0.29 -10.9943 -0.0144777 0.00290892 0.998717 0.0142474 0.0483814 0.00446331
0.3 -10.9941 -0.0149777 0.00300894 0.998627 0.0147297 0.0500506 0.00460425
0.31 -10.9939 -0.0154778 0.00310896 0.998535 0.0152114 0.0517198 0.00474433
0.32 -10.9937 -0.0159778 0.00320898 0.998439 0.0156926 0.0533889 0.00488355
0.33 -10.9935 -0.0164779 0.003309 0.99834 0.0161731 0.0550581 0.00502191
0.34 -10.9933 -0.0169779 0.00340902 0.998237 0.016653 0.0567272 0.00515943
0.35 -10.9931 -0.0174779 0.00350904 0.998132 0.0171323 0.0583963 0.00529612
0.36 -10.9929 -0.017978 0.00360906 0.998024 0.0176111 0.0600653 0.00543194
0.37 -10.9927 -0.018478 0.00370908 0.997913 0.0180892 0.0617344 0.00556689
0.38 -10.9925 -0.0189781 0.0038091 0.997799 0.0185668 0.0634033 0.00570104
0.39 -10.9923 -0.0194781 0.00390912 0.997682 0.0190437 0.0650723 0.00583435
0.4 -10.9921 -0.0199782 0.00400914 0.997562 0.0195201 0.0667412 0.0059668
0.41 -10.9919 -0.0204782 0.00410916 0.997438 0.0199958 0.06841 0.00609838
0.42 -10.9917 -0.0209782 0.00420918 0.997312 0.020471 0.0700787 0.00622918
0.43 -10.9915 -0.0214783 0.0043092 0.997183 0.0209456 0.0717474 0.00635911
0.44 -10.9913 -0.0219783 0.00440922 0.99705 0.0214196 0.073416 0.00648822
0.45 -10.9911 -0.0224784 0.00450924 0.996915 0.021893 0.0750845 0.00661646
0.46 -10.9909 -0.0229784 0.00460926 0.996776 0.0223658 0.076753 0.0067439
0.47 -10.9907 -0.0234784 0.00470928 0.996635 0.022838 0.0784213 0.0068705
0.48 -10.9905 -0.0239785 0.0048093 0.996491 0.0233096 0.0800895 0.00699624
0.49 -10.9903 -0.0244785 0.00490932 0.996343 0.0237806 0.0817577 0.00712118
0.5 -10.9901 -0.0249786 0.00500934 0.996193 0.024251 0.0834257 0.00724527
0.51 -10.9899 -0.0254786 0.00510936 0.996039 0.0247209 0.0850936 0.00736857
0.52 -10.9897 -0.0259787 0.00520938 0.995882 0.0251902 0.0867613 0.00749096
0.53 -10.9895 -0.0264787 0.0053094 0.995723 0.0256588 0.088429 0.00761259
0.54 -10.9893 -0.0269787 0.00540942 0.99556 0.0261269 0.0900965 0.00773338
0.55 -10.9891 -0.0274788 0.00550944 0.995395 0.0265944 0.0917639 0.00785332
0.56 -10.9889 -0.0279788 0.00560946 0.995226 0.0270613 0.0934311 0.00797248
0.57 -10.9887 -0.0284789 0.00570948 0.995054 0.0275276 0.0950982 0.00809078
0.58 -10.9885 -0.0289789 0.0058095 0.99488 0.0279933 0.0967651 0.00820826
0.59 -10.9883 -0.029479 0.00590952 0.994702 0.0284584 0.0984319 0.00832491
0.6 -10.9881 -0.029979 0.00600954 0.994521 0.028923 0.100098 0.00844081
0.61 -10.9879 -0.030479 0.00610956 0.994338 0.0293869 0.101765 0.0085558
0.62 -10.9877 -0.0309791 0.00620958 0.994151 0.0298503 0.103431 0.00867003
0.63 -10.9875 -0.0314791 0.0063096 0.993961 0.0303131 0.105097 0.00878341
0.64 -10.9873 -0.0319792 0.00640962 0.993768 0.0307753 0.106763 0.00889597
0.65 -10.9871 -0.0324792 0.00650964 0.993573 0.0312369 0.108429 0.00900771
0.66 -10.9869 -0.0329792 0.00660966 0.993374 0.0316979 0.110094 0.00911865
0.67 -10.9867 -0.0334793 0.00670968 0.993172 0.0321584 0.111759 0.00922877
0.68 -10.9865 -0.0339793 0.0068097 0.992967 0.0326182 0.113424 0.00933809
0.69 -10.9863 -0.0344794 0.00690973 0.992759 0.0330775 0.115089 0.00944659
0.7 -10.9861 -0.0349794 0.00700975 0.992549 0.0335362 0.116754 0.00955426
0.71 -10.9859 -0.0354795 0.00710977 0.992335 0.0339943 0.118418 0.00966111
0.72 -10.9857 -0.0359795 0.00720979 0.992118 0.0344518 0.120082 0.00976721
0.73 -10.9855 -0.0364795 0.00730981 0.991898 0.0349087 0.121746 0.00987243
0.74 -10.9853 -0.0369796 0.00740983 0.991675 0.0353651 0.12341 0.00997689
0.75 -10.9851 -0.0374796 0.00750985 0.991449 0.0358209 0.125073 0.0100805
0.76 -10.9849 -0.0379797 0.00760987 0.991221 0.0362761 0.126736 0.0101833
0.77 -10.9847 -0.0384797 0.00770989 0.990989 0.0367307 0.128399 0.0102854
0.78 -10.9845 -0.0389797 0.00780991 0.990754 0.0371847 0.130062 0.0103866
0.79 -10.9843 -0.0394798 0.00790993 0.990516 0.0376382 0.131724 0.010487
0.8 -10.9841 -0.0399798 0.00800995 0.990275 0.038091 0.133386 0.0105866
0.81 -10.9839 -0.0404799 0.00810997 0.990031 0.0385433 0.135048 0.0106854
0.82 -10.9837 -0.0409799 0.00820999 0.989785 0.038995 0.13671 0.0107834
0.83 -10.9835 -0.04148 0.00831001 0.989535 0.0394462 0.138371 0.0108806
0.84 -10.9833 -0.04198 0.00841003 0.989282 0.0398967 0.140032 0.010977
0.85 -10.9831 -0.04248 0.00851005 0.989026 0.0403467 0.141692 0.0110726
0.86 -10.9829 -0.0429801 0.00861007 0.988767 0.0407961 0.143353 0.0111673
0.87 -10.9827 -0.0434801 0.00871009 0.988506 0.0412449 0.145012 0.0112613
0.88 -10.9825 -0.0439802 0.00881011 0.988241 0.0416932 0.146672 0.0113545
0.89 -10.9823 -0.0444802 0.00891013 0.987973 0.0421408 0.148331 0.0114469
0.9 -10.9821 -0.0449803 0.00901015 0.987702 0.0425879 0.14999 0.0115385
0.91 -10.9819 -0.0454803 0.00911017 0.987429 0.0430345 0.151649 0.0116293
0.92 -10.9817 -0.0459803 0.00921019 0.987152 0.0434804 0.153307 0.0117193
0.93 -10.9815 -0.0464804 0.00931021 0.986872 0.0439257 0.154965 0.0118085
0.94 -10.9813 -0.0469804 0.00941023 0.98659 0.0443705 0.156623 0.0118969
0.95 -10.9811 -0.0474805 0.00951025 0.986304 0.0448147 0.15828 0.0119845
0.96 -10.9809 -0.0479805 0.00961027 0.986015 0.0452584 0.159937 0.0120713
0.97 -10.9807 -0.0484805 0.00971029 0.985724 0.0457014 0.161593 0.0121573
0.98 -10.9805 -0.0489806 0.00981031 0.985429 0.0461439 0.163249 0.0122425
0.99 -10.9803 -0.0494806 0.00991033 0.985132 0.0465859 0.164905 0.012327
1 -10.9801 -0.0499807 0.0100103 0.984831 0.0470272 0.16656 0.0124106
1.01 -10.9799 -0.0504807 0.0101104 0.984527 0.047468 0.168215 0.0124935
1.02 -10.9797 -0.0509808 0.0102104 0.984221 0.0479082 0.16987 0.0125755
1.03 -10.9795 -0.0514808 0.0103104 0.983912 0.0483478 0.171524 0.0126568
1.04 -10.9793 -0.0519808 0.0104104 0.983599 0.0487869 0.173177 0.0127372
1.05 -10.9791 -0.0524809 0.0105105 0.983284 0.0492254 0.174831 0.0128169
1.06 -10.9789 -0.0529809 0.0106105 0.982965 0.0496633 0.176484 0.0128958
1.07 -10.9787 -0.053481 0.0107105 0.982644 0.0501007 0.178136 0.0129739
1.08 -10.9785 -0.053981 0.0108105 0.98232 0.0505375 0.179788 0.0130512
1.09 -10.9783 -0.054481 0.0109105 0.981992 0.0509737 0.181439 0.0131278
1.1 -10.9781 -0.0549811 0.0110106 0.981662 0.0514093 0.183091 0.0132035
1.11 -10.9779 -0.0554811 0.0111106 0.981329 0.0518444 0.184741 0.0132784
1.12 -10.9777 -0.0559812 0.0112106 0.980993 0.0522789 0.186391 0.0133526
1.13 -10.9775 -0.0564812 0.0113106 0.980654 0.0527129 0.188041 0.013426
1.14 -10.9773 -0.0569813 0.0114106 0.980312 0.0531463 0.18969 0.0134986
1.15 -10.9771 -0.0574813 0.0115107 0.979967 0.0535791 0.191339 0.0135703
1.16 -10.9769 -0.0579813 0.0116107 0.979619 0.0540113 0.192988 0.0136414
1.17 -10.9767 -0.0584814 0.0117107 0.979268 0.054443 0.194635 0.0137116
1.18 -10.9765 -0.0589814 0.0118107 0.978914 0.0548741 0.196283 0.013781
1.19 -10.9763 -0.0594815 0.0119107 0.978557 0.0553047 0.19793 0.0138497
1.2 -10.9761 -0.0599815 0.0120108 0.978197 0.0557347 0.199576 0.0139175
1.21 -10.9759 -0.0604816 0.0121108 0.977834 0.0561641 0.201222 0.0139846
1.22 -10.9757 -0.0609816 0.0122108 0.977469 0.056593 0.202867 0.0140509
1.23 -10.9755 -0.0614816 0.0123108 0.9771 0.0570213 0.204512 0.0141164
1.24 -10.9753 -0.0619817 0.0124108 0.976728 0.0574491 0.206156 0.0141811
1.25 -10.9751 -0.0624817 0.0125109 0.976354 0.0578762 0.2078 0.0142451
1.26 -10.9749 -0.0629818 0.0126109 0.975976 0.0583029 0.209443 0.0143083
1.27 -10.9747 -0.0634818 0.0127109 0.975596 0.0587289 0.211086 0.0143706
1.28 -10.9745 -0.0639818 0.0128109 0.975212 0.0591544 0.212728 0.0144322
1.29 -10.9743 -0.0644819 0.0129109 0.974826 0.0595794 0.21437 0.014493
1.3 -10.9741 -0.0649819 0.013011 0.974437 0.0600037 0.216011 0.0145531
1.31 -10.9739 -0.065482 0.013111 0.974045 0.0604275 0.217651 0.0146123
1.32 -10.9737 -0.065982 0.013211 0.973649 0.0608508 0.219291 0.0146708
1.33 -10.9735 -0.0664821 0.013311 0.973251 0.0612735 0.220931 0.0147284
1.34 -10.9733 -0.0669821 0.013411 0.97285 0.0616957 0.22257 0.0147853
1.35 -10.9731 -0.0674821 0.0135111 0.972446 0.0621173 0.224208 0.0148415
1.36 -10.9729 -0.0679822 0.0136111 0.97204 0.0625383 0.225845 0.0148968
1.37 -10.9727 -0.0684822 0.0137111 0.97163 0.0629588 0.227483 0.0149513
1.38 -10.9725 -0.0689823 0.0138111 0.971217 0.0633787 0.229119 0.0150051
1.39 -10.9723 -0.0694823 0.0139111 0.970801 0.0637981 0.230755 0.0150581
1.4 -10.9721 -0.0699824 0.0140112 0.970383 0.0642169 0.23239 0.0151103
1.41 -10.9719 -0.0704824 0.0141112 0.969961 0.0646351 0.234025 0.0151617
1.42 -10.9717 -0.0709824 0.0142112 0.969537 0.0650528 0.235659 0.0152124
1.43 -10.9715 -0.0714825 0.0143112 0.969109 0.06547 0.237292 0.0152622
1.44 -10.9713 -0.0719825 0.0144112 0.968679 0.0658866 0.238925 0.0153113
1.45 -10.9711 -0.0724826 0.0145113 0.968246 0.0663026 0.240557 0.0153596
1.46 -10.9709 -0.0729826 0.0146113 0.96781 0.0667181 0.242189 0.0154071
1.47 -10.9707 -0.0734826 0.0147113 0.967371 0.067133 0.243819 0.0154538
1.48 -10.9705 -0.0739827 0.0148113 0.966929 0.0675474 0.24545 0.0154998
1.49 -10.9703 -0.0744827 0.0149113 0.966484 0.0679612 0.247079 0.015545
1.5 -10.9701 -0.0749828 0.0150114 0.966036 0.0683745 0.248708 0.0155894
1.51 -10.9699 -0.0754828 0.0151114 0.965586 0.0687872 0.250336 0.0156329
1.52 -10.9697 -0.0759829 0.0152114 0.965132 0.0691994 0.251964 0.0156758
1.53 -10.9695 -0.0764829 0.0153114 0.964676 0.069611 0.253591 0.0157178
1.54 -10.9693 -0.0769829 0.0154114 0.964216 0.0700221 0.255217 0.0157591
1.55 -10.9691 -0.077483 0.0155115 0.963754 0.0704327 0.256843 0.0157995
1.56 -10.9689 -0.077983 0.0156115 0.963289 0.0708426 0.258467 0.0158393
1.57 -10.9687 -0.0784831 0.0157115 0.962821 0.0712521 0.260092 0.0158781
1.58 -10.9685 -0.0789831 0.0158115 0.96235 0.071661 0.261715 0.0159163
1.59 -10.9683 -0.0794831 0.0159115 0.961876 0.0720693 0.263338 0.0159536
1.6 -10.9681 -0.0799832 0.0160116 0.961399 0.0724771 0.26496 0.0159902
1.61 -10.9679 -0.0804832 0.0161116 0.960919 0.0728843 0.266581 0.016026
1.62 -10.9677 -0.0809833 0.0162116 0.960437 0.073291 0.268202 0.016061
1.63 -10.9675 -0.0814833 0.0163116 0.959951 0.0736972 0.269822 0.0160952
1.64 -10.9673 -0.0819834 0.0164116 0.959463 0.0741028 0.271441 0.0161286
1.65 -10.9671 -0.0824834 0.0165117 0.958971 0.0745078 0.273059 0.0161613
1.66 -10.9669 -0.0829834 0.0166117 0.958477 0.0749123 0.274677 0.0161931
1.67 -10.9667 -0.0834835 0.0167117 0.95798 0.0753163 0.276294 0.0162242
1.68 -10.9665 -0.0839835 0.0168117 0.95748 0.0757197 0.27791 0.0162545
1.69 -10.9663 -0.0844836 0.0169117 0.956977 0.0761226 0.279525 0.016284
1.7 -10.9661 -0.0849836 0.0170118 0.956472 0.076525 0.28114 0.0163127
1.71 -10.9659 -0.0854837 0.0171118 0.955963 0.0769268 0.282754 0.0163407
1.72 -10.9657 -0.0859837 0.0172118 0.955452 0.077328 0.284367 0.0163679
1.73 -10.9655 -0.0864837 0.0173118 0.954937 0.0777287 0.285979 0.0163942
1.74 -10.9653 -0.0869838 0.0174118 0.95442 0.0781289 0.28759 0.0164198
1.75 -10.9651 -0.0874838 0.0175119 0.9539 0.0785285 0.289201 0.0164446
1.76 -10.9649 -0.0879839 0.0176119 0.953377 0.0789276 0.290811 0.0164686
1.77 -10.9647 -0.0884839 0.0177119 0.952851 0.0793262 0.29242 0.0164919
1.78 -10.9645 -0.0889839 0.0178119 0.952323 0.0797242 0.294029 0.0165143
1.79 -10.9643 -0.089484 0.0179119 0.951791 0.0801216 0.295636 0.016536
1.8 -10.9641 -0.089984 0.018012 0.951257 0.0805185 0.297243 0.0165568
1.81 -10.9639 -0.0904841 0.018112 0.950719 0.080915 0.298849 0.0165769
1.82 -10.9637 -0.0909841 0.018212 0.950179 0.0813108 0.300454 0.0165962
1.83 -10.9635 -0.0914842 0.018312 0.949636 0.0817061 0.302058 0.0166147
1.84 -10.9633 -0.0919842 0.018412 0.94909 0.0821009 0.303661 0.0166324
1.85 -10.9631 -0.0924842 0.0185121 0.948542 0.0824951 0.305264 0.0166493
1.86 -10.9629 -0.0929843 0.0186121 0.94799 0.0828888 0.306865 0.0166655
1.87 -10.9627 -0.0934843 0.0187121 0.947436 0.083282 0.308466 0.0166808
1.88 -10.9625 -0.0939844 0.0188121 0.946878 0.0836746 0.310066 0.0166954
1.89 -10.9623 -0.0944844 0.0189121 0.946318 0.0840667 0.311665 0.0167092
1.9 -10.9621 -0.0949844 0.0190122 0.945755 0.0844582 0.313264 0.0167221
1.91 -10.9619 -0.0954845 0.0191122 0.945189 0.0848493 0.314861 0.0167343
1.92 -10.9617 -0.0959845 0.0192122 0.944621 0.0852397 0.316457 0.0167457
1.93 -10.9615 -0.0964846 0.0193122 0.944049 0.0856297 0.318053 0.0167563
1.94 -10.9613 -0.0969846 0.0194122 0.943475 0.0860191 0.319648 0.0167661
1.95 -10.9611 -0.0974847 0.0195123 0.942898 0.086408 0.321242 0.0167751
1.96 -10.9609 -0.0979847 0.0196123 0.942318 0.0867963 0.322835 0.0167833
1.97 -10.9607 -0.0984847 0.0197123 0.941735 0.0871841 0.324427 0.0167907
1.98 -10.9605 -0.0989848 0.0198123 0.941149 0.0875714 0.326018 0.0167974
1.99 -10.9603 -0.0994848 0.0199123 0.940561 0.0879582 0.327608 0.0168032
2 -10.9601 -0.0999849 0.0200124 0.939969 0.0883444 0.329197 0.0168082
2.01 -10.9599 -0.100485 0.0201124 0.939375 0.08873 0.330785 0.0168125
2.02 -10.9597 -0.100985 0.0202124 0.938778 0.0891152 0.332373 0.0168159
2.03 -10.9595 -0.101485 0.0203124 0.938178 0.0894998 0.333959 0.0168185
2.04 -10.9593 -0.101985 0.0204124 0.937575 0.0898839 0.335545 0.0168204
2.05 -10.9591 -0.102485 0.0205125 0.93697 0.0902674 0.33713 0.0168214
2.06 -10.9589 -0.102985 0.0206125 0.936362 0.0906505 0.338713 0.0168217
2.07 -10.9587 -0.103485 0.0207125 0.93575 0.0910329 0.340296 0.0168211
2.08 -10.9585 -0.103985 0.0208125 0.935136 0.0914149 0.341878 0.0168198
2.09 -10.9583 -0.104485 0.0209125 0.93452 0.0917964 0.343458 0.0168176
2.1 -10.9581 -0.104985 0.0210126 0.9339 0.0921772 0.345038 0.0168146
2.11 -10.9579 -0.105485 0.0211126 0.933278 0.0925576 0.346617 0.0168109
2.12 -10.9577 -0.105985 0.0212126 0.932652 0.0929375 0.348195 0.0168063
2.13 -10.9575 -0.106485 0.0213126 0.932024 0.0933167 0.349772 0.0168009
2.14 -10.9573 -0.106985 0.0214126 0.931394 0.0936955 0.351348 0.0167947
2.15 -10.9571 -0.107485 0.0215127 0.93076 0.0940738 0.352922 0.0167878
2.16 -10.9569 -0.107986 0.0216127 0.930124 0.0944515 0.354496 0.01678
2.17 -10.9567 -0.108486 0.0217127 0.929484 0.0948287 0.356069 0.0167714
2.18 -10.9565 -0.108986 0.0218127 0.928842 0.0952054 0.357641 0.016762
2.19 -10.9563 -0.109486 0.0219127 0.928197 0.0955815 0.359212 0.0167518
2.2 -10.9561 -0.109986 0.0220128 0.92755 0.0959572 0.360782 0.0167407
2.21 -10.9559 -0.110486 0.0221128 0.926899 0.0963323 0.36235 0.0167289
2.22 -10.9557 -0.110986 0.0222128 0.926246 0.0967068 0.363918 0.0167163
2.23 -10.9555 -0.111486 0.0223128 0.92559 0.0970809 0.365485 0.0167028
2.24 -10.9553 -0.111986 0.0224128 0.924931 0.0974544 0.367051 0.0166885
2.25 -10.9551 -0.112486 0.0225129 0.92427 0.0978274 0.368615 0.0166735
2.26 -10.9549 -0.112986 0.0226129 0.923605 0.0981998 0.370179 0.0166576
2.27 -10.9547 -0.113486 0.0227129 0.922938 0.0985717 0.371741 0.0166409
2.28 -10.9545 -0.113986 0.0228129 0.922268 0.0989432 0.373303 0.0166234
2.29 -10.9543 -0.114486 0.0229129 0.921596 0.099314 0.374863 0.016605
2.3 -10.9541 -0.114986 0.023013 0.92092 0.0996844 0.376422 0.0165859
2.31 -10.9539 -0.115486 0.023113 0.920242 0.100054 0.377981 0.0165659
2.32 -10.9537 -0.115986 0.023213 0.919561 0.100424 0.379538 0.0165451
2.33 -10.9535 -0.116486 0.023313 0.918877 0.100792 0.381094 0.0165235
2.34 -10.9533 -0.116986 0.0234131 0.918191 0.101161 0.382649 0.0165011
2.35 -10.9531 -0.117486 0.0235131 0.917501 0.101528 0.384203 0.0164778
2.36 -10.9529 -0.117986 0.0236131 0.916809 0.101896 0.385756 0.0164538
2.37 -10.9527 -0.118486 0.0237131 0.916114 0.102262 0.387307 0.0164289
2.38 -10.9525 -0.118986 0.0238131 0.915417 0.102628 0.388858 0.0164032
2.39 -10.9523 -0.119487 0.0239132 0.914716 0.102994 0.390407 0.0163766
2.4 -10.9521 -0.119987 0.0240132 0.914013 0.103359 0.391956 0.0163492
2.41 -10.9519 -0.120487 0.0241132 0.913307 0.103724 0.393503 0.0163211
2.42 -10.9517 -0.120987 0.0242132 0.912599 0.104088 0.395049 0.016292
2.43 -10.9515 -0.121487 0.0243132 0.911888 0.104451 0.396594 0.0162622
2.44 -10.9513 -0.121987 0.0244133 0.911173 0.104814 0.398138 0.0162315
2.45 -10.9511 -0.122487 0.0245133 0.910457 0.105177 0.39968 0.0162
2.46 -10.9509 -0.122987 0.0246133 0.909737 0.105539 0.401222 0.0161677
2.47 -10.9507 -0.123487 0.0247133 0.909015 0.1059 0.402762 0.0161345
2.48 -10.9505 -0.123987 0.0248133 0.90829 0.106261 0.404301 0.0161005
2.49 -10.9503 -0.124487 0.0249134 0.907562 0.106622 0.405839 0.0160656
2.5 -10.9501 -0.124987 0.0250134 0.906831 0.106982 0.407376 0.01603
2.51 -10.9499 -0.125487 0.0251134 0.906098 0.107341 0.408912 0.0159935
2.52 -10.9497 -0.125987 0.0252134 0.905362 0.1077 0.410446 0.0159561
2.53 -10.9495 -0.126487 0.0253134 0.904623 0.108058 0.411979 0.0159179
2.54 -10.9493 -0.126987 0.0254135 0.903882 0.108416 0.413511 0.0158789
2.55 -10.9491 -0.127487 0.0255135 0.903137 0.108773 0.415042 0.015839
2.56 -10.9489 -0.127987 0.0256135 0.902391 0.10913 0.416572 0.0157984
2.57 -10.9487 -0.128487 0.0257135 0.901641 0.109487 0.418101 0.0157568
2.58 -10.9485 -0.128987 0.0258135 0.900889 0.109842 0.419628 0.0157144
2.59 -10.9483 -0.129487 0.0259136 0.900134 0.110197 0.421154 0.0156712
2.6 -10.9481 -0.129987 0.0260136 0.899376 0.110552 0.422679 0.0156271
2.61 -10.9479 -0.130487 0.0261136 0.898615 0.110906 0.424202 0.0155821
2.62 -10.9477 -0.130987 0.0262136 0.897852 0.11126 0.425725 0.0155364
2.63 -10.9475 -0.131488 0.0263136 0.897086 0.111613 0.427246 0.0154897
2.64 -10.9473 -0.131988 0.0264137 0.896318 0.111966 0.428766 0.0154422
2.65 -10.9471 -0.132488 0.0265137 0.895546 0.112318 0.430284 0.0153939
2.66 -10.9469 -0.132988 0.0266137 0.894772 0.112669 0.431802 0.0153447
2.67 -10.9467 -0.133488 0.0267137 0.893996 0.113021 0.433318 0.0152947
2.68 -10.9465 -0.133988 0.0268137 0.893216 0.113371 0.434833 0.0152438
2.69 -10.9463 -0.134488 0.0269138 0.892434 0.113721 0.436346 0.0151921
2.7 -10.9461 -0.134988 0.0270138 0.891649 0.114071 0.437859 0.0151395
2.71 -10.9459 -0.135488 0.0271138 0.890862 0.11442 0.43937 0.015086
2.72 -10.9457 -0.135988 0.0272138 0.890072 0.114768 0.44088 0.0150317
2.73 -10.9455 -0.136488 0.0273138 0.889279 0.115116 0.442388 0.0149765
2.74 -10.9453 -0.136988 0.0274139 0.888483 0.115463 0.443895 0.0149205
2.75 -10.9451 -0.137488 0.0275139 0.887685 0.11581 0.445401 0.0148636
2.76 -10.9449 -0.137988 0.0276139 0.886884 0.116157 0.446906 0.0148058
2.77 -10.9447 -0.138488 0.0277139 0.886081 0.116503 0.448409 0.0147471
2.78 -10.9445 -0.138988 0.0278139 0.885274 0.116848 0.449911 0.0146877
2.79 -10.9443 -0.139488 0.027914 0.884465 0.117193 0.451412 0.0146273
2.8 -10.9441 -0.139988 0.028014 0.883654 0.117537 0.452911 0.014566
2.81 -10.9439 -0.140488 0.028114 0.88284 0.117881 0.454409 0.0145039
2.82 -10.9437 -0.140988 0.028214 0.882023 0.118224 0.455906 0.014441
2.83 -10.9435 -0.141488 0.028314 0.881203 0.118567 0.457401 0.0143771
2.84 -10.9433 -0.141988 0.0284141 0.880381 0.118909 0.458896 0.0143123
2.85 -10.9431 -0.142488 0.0285141 0.879556 0.119251 0.460388 0.0142467
2.86 -10.9429 -0.142988 0.0286141 0.878729 0.119592 0.46188 0.0141803
2.87 -10.9427 -0.143489 0.0287141 0.877898 0.119933 0.46337 0.0141129
2.88 -10.9425 -0.143989 0.0288141 0.877066 0.120273 0.464858 0.0140446
2.89 -10.9423 -0.144489 0.0289142 0.87623 0.120612 0.466345 0.0139755
2.9 -10.9421 -0.144989 0.0290142 0.875392 0.120952 0.467831 0.0139055
2.91 -10.9419 -0.145489 0.0291142 0.874551 0.12129 0.469316 0.0138346
2.92 -10.9417 -0.145989 0.0292142 0.873708 0.121628 0.470799 0.0137629
2.93 -10.9415 -0.146489 0.0293142 0.872862 0.121966 0.472281 0.0136902
2.94 -10.9413 -0.146989 0.0294143 0.872013 0.122303 0.473761 0.0136166
2.95 -10.9411 -0.147489 0.0295143 0.871162 0.122639 0.47524 0.0135422
2.96 -10.9409 -0.147989 0.0296143 0.870308 0.122975 0.476718 0.0134668
2.97 -10.9407 -0.148489 0.0297143 0.869451 0.123311 0.478194 0.0133906
2.98 -10.9405 -0.148989 0.0298143 0.868592 0.123646 0.479669 0.0133135
2.99 -10.9403 -0.149489 0.0299144 0.86773 0.12398 0.481142 0.0132355
3 -10.9401 -0.149989 0.0300144 0.866866 0.124314 0.482614 0.0131566
3.01 -10.9399 -0.150489 0.0301144 0.865999 0.124648 0.484085 0.0130768
3.02 -10.9397 -0.150989 0.0302144 0.865129 0.12498 0.485554 0.0129961
3.03 -10.9395 -0.151489 0.0303144 0.864257 0.125313 0.487021 0.0129144
3.04 -10.9393 -0.151989 0.0304145 0.863382 0.125645 0.488488 0.0128319
3.05 -10.9391 -0.152489 0.0305145 0.862505 0.125976 0.489952 0.0127485
3.06 -10.9389 -0.152989 0.0306145 0.861624 0.126307 0.491416 0.0126642
3.07 -10.9387 -0.153489 0.0307145 0.860742 0.126637 0.492878 0.012579
3.08 -10.9385 -0.153989 0.0308145 0.859856 0.126967 0.494338 0.0124928
3.09 -10.9383 -0.154489 0.0309146 0.858969 0.127296 0.495797 0.0124058
3.1 -10.9381 -0.154989 0.0310146 0.858078 0.127625 0.497255 0.0123178
3.11 -10.9379 -0.15549 0.0311146 0.857185 0.127953 0.498711 0.0122289
3.12 -10.9377 -0.15599 0.0312146 0.856289 0.12828 0.500165 0.0121392
3.13 -10.9375 -0.15649 0.0313146 0.855391 0.128608 0.501618 0.0120485
3.14 -10.9373 -0.15699 0.0314147 0.85449 0.128934 0.50307 0.0119568
3.15 -10.9371 -0.15749 0.0315147 0.853587 0.12926 0.50452 0.0118643
3.16 -10.9369 -0.15799 0.0316147 0.852681 0.129586 0.505969 0.0117708
3.17 -10.9367 -0.15849 0.0317147 0.851772 0.129911 0.507416 0.0116764
3.18 -10.9365 -0.15899 0.0318147 0.850861 0.130235 0.508862 0.0115811
3.19 -10.9363 -0.15949 0.0319148 0.849947 0.130559 0.510306 0.0114849
3.2 -10.9361 -0.15999 0.0320148 0.849031 0.130883 0.511748 0.0113877
3.21 -10.9359 -0.16049 0.0321148 0.848112 0.131206 0.513189 0.0112896
3.22 -10.9357 -0.16099 0.0322148 0.847191 0.131528 0.514629 0.0111906
3.23 -10.9355 -0.16149 0.0323148 0.846267 0.13185 0.516067 0.0110907
3.24 -10.9353 -0.16199 0.0324149 0.84534 0.132171 0.517504 0.0109898
3.25 -10.9351 -0.16249 0.0325149 0.844411 0.132492 0.518939 0.0108879
3.26 -10.9349 -0.16299 0.0326149 0.843479 0.132812 0.520372 0.0107852
3.27 -10.9347 -0.16349 0.0327149 0.842545 0.133132 0.521804 0.0106815
3.28 -10.9345 -0.16399 0.0328149 0.841608 0.133452 0.523234 0.0105769
3.29 -10.9343 -0.16449 0.032915 0.840669 0.13377 0.524663 0.0104713
3.3 -10.9341 -0.16499 0.033015 0.839727 0.134088 0.52609 0.0103648
3.31 -10.9339 -0.16549 0.033115 0.838783 0.134406 0.527516 0.0102573
3.32 -10.9337 -0.16599 0.033215 0.837836 0.134723 0.52894 0.0101489
3.33 -10.9335 -0.16649 0.033315 0.836887 0.13504 0.530362 0.0100395
3.34 -10.9333 -0.16699 0.0334151 0.835935 0.135356 0.531783 0.00992921
3.35 -10.9331 -0.167491 0.0335151 0.83498 0.135671 0.533203 0.00981795
3.36 -10.9329 -0.167991 0.0336151 0.834023 0.135986 0.534621 0.00970573
3.37 -10.9327 -0.168491 0.0337151 0.833063 0.136301 0.536037 0.00959252
3.38 -10.9325 -0.168991 0.0338151 0.832101 0.136615 0.537451 0.00947841
3.39 -10.9323 -0.169491 0.0339152 0.831137 0.136928 0.538864 0.0093633
3.4 -10.9321 -0.169991 0.0340152 0.83017 0.137241 0.540276 0.00924726
3.41 -10.9319 -0.170491 0.0341152 0.8292 0.137554 0.541685 0.00913025
3.42 -10.9317 -0.170991 0.0342152 0.828228 0.137865 0.543094 0.00901224
3.43 -10.9315 -0.171491 0.0343152 0.827253 0.138177 0.5445 0.00889331
3.44 -10.9313 -0.171991 0.0344153 0.826276 0.138487 0.545905 0.0087734
3.45 -10.9311 -0.172491 0.0345153 0.825296 0.138798 0.547308 0.00865251
3.46 -10.9309 -0.172991 0.0346153 0.824314 0.139107 0.54871 0.00853063
3.47 -10.9307 -0.173491 0.0347153 0.82333 0.139417 0.55011 0.00840781
3.48 -10.9305 -0.173991 0.0348153 0.822342 0.139725 0.551508 0.00828401
3.49 -10.9303 -0.174491 0.0349154 0.821353 0.140033 0.552905 0.00815922
3.5 -10.9301 -0.174991 0.0350154 0.820361 0.140341 0.5543 0.00803343
3.51 -10.9299 -0.175491 0.0351154 0.819366 0.140648 0.555693 0.0079067
3.52 -10.9297 -0.175991 0.0352154 0.818369 0.140954 0.557085 0.00777897
3.53 -10.9295 -0.176491 0.0353154 0.817369 0.14126 0.558475 0.00765026
3.54 -10.9293 -0.176991 0.0354155 0.816367 0.141566 0.559863 0.00752058
3.55 -10.9291 -0.177491 0.0355155 0.815363 0.141871 0.56125 0.00738988
3.56 -10.9289 -0.177991 0.0356155 0.814356 0.142175 0.562635 0.00725821
3.57 -10.9287 -0.178491 0.0357155 0.813346 0.142479 0.564018 0.00712554
3.58 -10.9285 -0.178992 0.0358155 0.812334 0.142782 0.5654 0.00699189
3.59 -10.9283 -0.179492 0.0359156 0.81132 0.143085 0.56678 0.00685722
3.6 -10.9281 -0.179992 0.0360156 0.810303 0.143387 0.568158 0.00672158
3.61 -10.9279 -0.180492 0.0361156 0.809284 0.143688 0.569535 0.00658491
3.62 -10.9277 -0.180992 0.0362156 0.808262 0.14399 0.570909 0.00644726
3.63 -10.9275 -0.181492 0.0363156 0.807238 0.14429 0.572283 0.0063086
3.64 -10.9273 -0.181992 0.0364157 0.806211 0.14459 0.573654 0.00616894
3.65 -10.9271 -0.182492 0.0365157 0.805182 0.14489 0.575024 0.00602828
3.66 -10.9269 -0.182992 0.0366157 0.804151 0.145188 0.576392 0.00588658
3.67 -10.9267 -0.183492 0.0367157 0.803117 0.145487 0.577758 0.00574389
3.68 -10.9265 -0.183992 0.0368158 0.80208 0.145785 0.579122 0.00560018
3.69 -10.9263 -0.184492 0.0369158 0.801042 0.146082 0.580485 0.00545546
3.7 -10.9261 -0.184992 0.0370158 0.8 0.146379 0.581846 0.00530973
3.71 -10.9259 -0.185492 0.0371158 0.798957 0.146675 0.583205 0.00516299
3.72 -10.9257 -0.185992 0.0372158 0.79791 0.14697 0.584563 0.00501519
3.73 -10.9255 -0.186492 0.0373159 0.796862 0.147265 0.585918 0.00486638
3.74 -10.9253 -0.186992 0.0374159 0.795811 0.14756 0.587272 0.00471656
3.75 -10.9251 -0.187492 0.0375159 0.794758 0.147854 0.588624 0.00456572
3.76 -10.9249 -0.187992 0.0376159 0.793702 0.148147 0.589975 0.00441382
3.77 -10.9247 -0.188492 0.0377159 0.792644 0.14844 0.591323 0.00426092
3.78 -10.9245 -0.188992 0.037816 0.791583 0.148733 0.59267 0.00410697
3.79 -10.9243 -0.189492 0.037916 0.79052 0.149024 0.594015 0.003952
3.8 -10.9241 -0.189992 0.038016 0.789455 0.149316 0.595358 0.00379598
3.81 -10.9239 -0.190492 0.038116 0.788387 0.149606 0.5967 0.00363891
3.82 -10.9237 -0.190993 0.038216 0.787317 0.149896 0.59804 0.00348081
3.83 -10.9235 -0.191493 0.0383161 0.786244 0.150186 0.599377 0.00332167
3.84 -10.9233 -0.191993 0.0384161 0.785169 0.150475 0.600713 0.00316146
3.85 -10.9231 -0.192493 0.0385161 0.784092 0.150763 0.602048 0.00300026
3.86 -10.9229 -0.192993 0.0386161 0.783012 0.151051 0.60338 0.00283795
3.87 -10.9227 -0.193493 0.0387161 0.78193 0.151338 0.60471 0.00267462
3.88 -10.9225 -0.193993 0.0388162 0.780846 0.151625 0.606039 0.00251022
3.89 -10.9223 -0.194493 0.0389162 0.779759 0.151911 0.607366 0.00234478
3.9 -10.9221 -0.194993 0.0390162 0.77867 0.152197 0.608691 0.00217827
3.91 -10.9219 -0.195493 0.0391162 0.777578 0.152482 0.610014 0.00201072
3.92 -10.9217 -0.195993 0.0392162 0.776484 0.152767 0.611336 0.00184208
3.93 -10.9215 -0.196493 0.0393163 0.775388 0.153051 0.612655 0.0016724
3.94 -10.9213 -0.196993 0.0394163 0.774289 0.153334 0.613973 0.00150165
3.95 -10.9211 -0.197493 0.0395163 0.773188 0.153617 0.615289 0.0013298
3.96 -10.9209 -0.197993 0.0396163 0.772085 0.153899 0.616603 0.00115692
3.97 -10.9207 -0.198493 0.0397163 0.770979 0.154181 0.617915 0.000982942
3.98 -10.9205 -0.198993 0.0398164 0.769871 0.154462 0.619225 0.000807904
3.99 -10.9203 -0.199493 0.0399164 0.768761 0.154742 0.620533 0.000631772
4 -10.9201 -0.199993 0.0400164 0.767648 0.155022 0.621839 0.000454583
4.01 -10.9199 -0.200493 0.0401164 0.766533 0.155302 0.623144 0.000276302
4.02 -10.9197 -0.200993 0.0402164 0.765416 0.15558 0.624447 9.69335e-05
4.03 -10.9195 -0.201493 0.0403165 0.764296 0.155859 0.625747 -8.352e-05
4.04 -10.9193 -0.201993 0.0404165 0.763174 0.156136 0.627046 -0.000265049
4.05 -10.9191 -0.202493 0.0405165 0.76205 0.156413 0.628343 -0.000447672
4.06 -10.9189 -0.202994 0.0406165 0.760923 0.15669 0.629638 -0.000631393
4.07 -10.9187 -0.203494 0.0407165 0.759794 0.156966 0.630931 -0.000816211
4.08 -10.9185 -0.203994 0.0408166 0.758663 0.157241 0.632222 -0.00100213
4.09 -10.9183 -0.204494 0.0409166 0.757529 0.157516 0.633511 -0.00118916
4.1 -10.9181 -0.204994 0.0410166 0.756393 0.15779 0.634799 -0.00137725
4.11 -10.9179 -0.205494 0.0411166 0.755255 0.158064 0.636084 -0.00156645
4.12 -10.9177 -0.205994 0.0412166 0.754115 0.158337 0.637368 -0.0017568
4.13 -10.9175 -0.206494 0.0413167 0.752972 0.158609 0.638649 -0.00194822
4.14 -10.9173 -0.206994 0.0414167 0.751827 0.158881 0.639929 -0.00214077
4.15 -10.9171 -0.207494 0.0415167 0.75068 0.159152 0.641206 -0.00233443
4.16 -10.9169 -0.207994 0.0416167 0.74953 0.159423 0.642482 -0.00252916
4.17 -10.9167 -0.208494 0.0417167 0.748378 0.159693 0.643755 -0.00272506
4.18 -10.9165 -0.208994 0.0418168 0.747224 0.159963 0.645027 -0.00292207
4.19 -10.9163 -0.209494 0.0419168 0.746067 0.160232 0.646297 -0.00312019
4.2 -10.9161 -0.209994 0.0420168 0.744909 0.1605 0.647564 -0.00331944
4.21 -10.9159 -0.210494 0.0421168 0.743748 0.160768 0.64883 -0.00351981
4.22 -10.9157 -0.210994 0.0422168 0.742584 0.161035 0.650094 -0.00372133
4.23 -10.9155 -0.211494 0.0423169 0.741419 0.161301 0.651356 -0.00392395
4.24 -10.9153 -0.211994 0.0424169 0.740251 0.161567 0.652616 -0.00412769
4.25 -10.9151 -0.212494 0.0425169 0.739081 0.161833 0.653873 -0.00433263
4.26 -10.9149 -0.212994 0.0426169 0.737909 0.162097 0.655129 -0.00453867
4.27 -10.9147 -0.213494 0.0427169 0.736734 0.162362 0.656383 -0.00474583
4.28 -10.9145 -0.213994 0.042817 0.735558 0.162625 0.657635 -0.00495415
4.29 -10.9143 -0.214494 0.042917 0.734379 0.162888 0.658884 -0.00516361
4.3 -10.9141 -0.214995 0.043017 0.733197 0.16315 0.660132 -0.00537424
4.31 -10.9139 -0.215495 0.043117 0.732014 0.163412 0.661378 -0.00558601
4.32 -10.9137 -0.215995 0.043217 0.730828 0.163673 0.662622 -0.0057989
4.33 -10.9135 -0.216495 0.0433171 0.72964 0.163934 0.663863 -0.00601298
4.34 -10.9133 -0.216995 0.0434171 0.72845 0.164194 0.665103 -0.00622819
4.35 -10.9131 -0.217495 0.0435171 0.727258 0.164453 0.66634 -0.00644459
4.36 -10.9129 -0.217995 0.0436171 0.726063 0.164712 0.667576 -0.00666212
4.37 -10.9127 -0.218495 0.0437171 0.724867 0.16497 0.668809 -0.00688084
4.38 -10.9125 -0.218995 0.0438172 0.723668 0.165227 0.670041 -0.0071007
4.39 -10.9123 -0.219495 0.0439172 0.722467 0.165484 0.67127 -0.00732175
4.4 -10.9121 -0.219995 0.0440172 0.721263 0.16574 0.672497 -0.00754395
4.41 -10.9119 -0.220495 0.0441172 0.720058 0.165996 0.673722 -0.00776735
4.42 -10.9117 -0.220995 0.0442172 0.71885 0.166251 0.674946 -0.00799189
4.43 -10.9115 -0.221495 0.0443173 0.71764 0.166505 0.676167 -0.00821762
4.44 -10.9113 -0.221995 0.0444173 0.716428 0.166759 0.677386 -0.00844457
4.45 -10.9111 -0.222495 0.0445173 0.715213 0.167012 0.678602 -0.00867264
4.46 -10.9109 -0.222995 0.0446173 0.713997 0.167265 0.679817 -0.0089019
4.47 -10.9107 -0.223495 0.0447173 0.712778 0.167517 0.68103 -0.0091324
4.48 -10.9105 -0.223995 0.0448174 0.711557 0.167768 0.682241 -0.00936404
4.49 -10.9103 -0.224495 0.0449174 0.710335 0.168019 0.683449 -0.00959693
4.5 -10.9101 -0.224995 0.0450174 0.709109 0.168269 0.684655 -0.00983094
4.51 -10.9099 -0.225495 0.0451174 0.707882 0.168518 0.68586 -0.0100662
4.52 -10.9097 -0.225995 0.0452174 0.706653 0.168767 0.687062 -0.0103026
4.53 -10.9095 -0.226495 0.0453175 0.705421 0.169015 0.688262 -0.0105403
4.54 -10.9093 -0.226996 0.0454175 0.704187 0.169262 0.68946 -0.0107791
4.55 -10.9091 -0.227496 0.0455175 0.702951 0.169509 0.690655 -0.0110192
4.56 -10.9089 -0.227996 0.0456175 0.701713 0.169755 0.691849 -0.0112604
4.57 -10.9087 -0.228496 0.0457175 0.700473 0.170001 0.69304 -0.0115029
4.58 -10.9085 -0.228996 0.0458176 0.699231 0.170246 0.69423 -0.0117466
4.59 -10.9083 -0.229496 0.0459176 0.697986 0.17049 0.695417 -0.0119915
4.6 -10.9081 -0.229996 0.0460176 0.69674 0.170734 0.696602 -0.0122376
4.61 -10.9079 -0.230496 0.0461176 0.695491 0.170977 0.697785 -0.012485
4.62 -10.9077 -0.230996 0.0462176 0.69424 0.171219 0.698965 -0.0127335
4.63 -10.9075 -0.231496 0.0463177 0.692987 0.171461 0.700144 -0.0129833
4.64 -10.9073 -0.231996 0.0464177 0.691732 0.171702 0.70132 -0.0132343
4.65 -10.9071 -0.232496 0.0465177 0.690475 0.171942 0.702494 -0.0134866
4.66 -10.9069 -0.232996 0.0466177 0.689216 0.172182 0.703666 -0.0137401
4.67 -10.9067 -0.233496 0.0467177 0.687954 0.172421 0.704836 -0.0139948
4.68 -10.9065 -0.233996 0.0468178 0.686691 0.172659 0.706004 -0.0142508
4.69 -10.9063 -0.234496 0.0469178 0.685425 0.172897 0.707169 -0.014508
4.7 -10.9061 -0.234996 0.0470178 0.684158 0.173134 0.708332 -0.0147664
4.71 -10.9059 -0.235496 0.0471178 0.682888 0.173371 0.709493 -0.0150261
4.72 -10.9057 -0.235996 0.0472178 0.681616 0.173606 0.710652 -0.015287
4.73 -10.9055 -0.236496 0.0473179 0.680342 0.173841 0.711809 -0.0155492
4.74 -10.9053 -0.236996 0.0474179 0.679066 0.174076 0.712963 -0.0158127
4.75 -10.9051 -0.237496 0.0475179 0.677788 0.174309 0.714115 -0.0160774
4.76 -10.9049 -0.237996 0.0476179 0.676508 0.174543 0.715265 -0.0163433
4.77 -10.9047 -0.238496 0.0477179 0.675226 0.174775 0.716413 -0.0166106
4.78 -10.9045 -0.238997 0.047818 0.673942 0.175007 0.717558 -0.0168791
4.79 -10.9043 -0.239497 0.047918 0.672656 0.175238 0.718702 -0.0171488
4.8 -10.9041 -0.239997 0.048018 0.671367 0.175468 0.719843 -0.0174198
4.81 -10.9039 -0.240497 0.048118 0.670077 0.175698 0.720981 -0.0176921
4.82 -10.9037 -0.240997 0.048218 0.668785 0.175927 0.722118 -0.0179657
4.83 -10.9035 -0.241497 0.0483181 0.66749 0.176155 0.723252 -0.0182405
4.84 -10.9033 -0.241997 0.0484181 0.666194 0.176383 0.724384 -0.0185166
4.85 -10.9031 -0.242497 0.0485181 0.664895 0.17661 0.725514 -0.018794
4.86 -10.9029 -0.242997 0.0486181 0.663595 0.176836 0.726641 -0.0190727
4.87 -10.9027 -0.243497 0.0487181 0.662292 0.177061 0.727766 -0.0193527
4.88 -10.9025 -0.243997 0.0488182 0.660988 0.177286 0.728889 -0.019634
4.89 -10.9023 -0.244497 0.0489182 0.659681 0.17751 0.73001 -0.0199165
4.9 -10.9021 -0.244997 0.0490182 0.658373 0.177734 0.731128 -0.0202004
4.91 -10.9019 -0.245497 0.0491182 0.657062 0.177957 0.732244 -0.0204855
4.92 -10.9017 -0.245997 0.0492182 0.65575 0.178179 0.733358 -0.020772
4.93 -10.9015 -0.246497 0.0493183 0.654435 0.1784 0.734469 -0.0210597
4.94 -10.9013 -0.246997 0.0494183 0.653119 0.178621 0.735578 -0.0213488
4.95 -10.9011 -0.247497 0.0495183 0.6518 0.178841 0.736685 -0.0216391
4.96 -10.9009 -0.247997 0.0496183 0.650479 0.17906 0.737789 -0.0219308
4.97 -10.9007 -0.248497 0.0497183 0.649157 0.179279 0.738891 -0.0222238
4.98 -10.9005 -0.248997 0.0498184 0.647832 0.179496 0.739991 -0.0225181
4.99 -10.9003 -0.249497 0.0499184 0.646506 0.179713 0.741089 -0.0228136
5 -10.9001 -0.249997 0.0500184 0.645178 0.17993 0.742184 -0.0231106
5.01 -10.8999 -0.250498 0.0501184 0.643847 0.180146 0.743277 -0.0234088
5.02 -10.8997 -0.250998 0.0502185 0.642515 0.18036 0.744367 -0.0237084
5.03 -10.8995 -0.251498 0.0503185 0.641181 0.180575 0.745455 -0.0240093
5.04 -10.8993 -0.251998 0.0504185 0.639844 0.180788 0.746541 -0.0243115
5.05 -10.8991 -0.252498 0.0505185 0.638506 0.181001 0.747625 -0.0246151
5.06 -10.8989 -0.252998 0.0506185 0.637166 0.181213 0.748706 -0.02492
5.07 -10.8987 -0.253498 0.0507186 0.635824 0.181424 0.749784 -0.0252263
5.08 -10.8985 -0.253998 0.0508186 0.63448 0.181635 0.750861 -0.0255338
5.09 -10.8983 -0.254498 0.0509186 0.633134 0.181845 0.751935 -0.0258427
5.1 -10.8981 -0.254998 0.0510186 0.631786 0.182054 0.753006 -0.026153
5.11 -10.8979 -0.255498 0.0511186 0.630437 0.182262 0.754076 -0.0264647
5.12 -10.8977 -0.255998 0.0512187 0.629085 0.18247 0.755142 -0.0267776
5.13 -10.8975 -0.256498 0.0513187 0.627731 0.182676 0.756207 -0.0270919
5.14 -10.8973 -0.256998 0.0514187 0.626376 0.182882 0.757269 -0.0274076
5.15 -10.8971 -0.257498 0.0515187 0.625018 0.183088 0.758329 -0.0277247
5.16 -10.8969 -0.257998 0.0516187 0.623659 0.183292 0.759386 -0.0280431
5.17 -10.8967 -0.258498 0.0517188 0.622298 0.183496 0.760441 -0.0283628
5.18 -10.8965 -0.258998 0.0518188 0.620935 0.183699 0.761493 -0.028684
5.19 -10.8963 -0.259498 0.0519188 0.61957 0.183902 0.762543 -0.0290064
5.2 -10.8961 -0.259998 0.0520188 0.618203 0.184103 0.763591 -0.0293303
5.21 -10.8959 -0.260498 0.0521188 0.616834 0.184304 0.764636 -0.0296556
5.22 -10.8957 -0.260998 0.0522189 0.615463 0.184504 0.765679 -0.0299822
5.23 -10.8955 -0.261498 0.0523189 0.614091 0.184703 0.766719 -0.0303102
5.24 -10.8953 -0.261998 0.0524189 0.612717 0.184902 0.767757 -0.0306396
5.25 -10.8951 -0.262499 0.0525189 0.61134 0.1851 0.768792 -0.0309703
5.26 -10.8949 -0.262999 0.0526189 0.609962 0.185296 0.769825 -0.0313025
5.27 -10.8947 -0.263499 0.052719 0.608582 0.185493 0.770856 -0.031636
5.28 -10.8945 -0.263999 0.052819 0.607201 0.185688 0.771884 -0.031971
5.29 -10.8943 -0.264499 0.052919 0.605817 0.185883 0.77291 -0.0323073
5.3 -10.8941 -0.264999 0.053019 0.604432 0.186076 0.773933 -0.032645
5.31 -10.8939 -0.265499 0.053119 0.603044 0.186269 0.774954 -0.0329841
5.32 -10.8937 -0.265999 0.0532191 0.601655 0.186462 0.775972 -0.0333247
5.33 -10.8935 -0.266499 0.0533191 0.600264 0.186653 0.776988 -0.0336666
5.34 -10.8933 -0.266999 0.0534191 0.598872 0.186844 0.778001 -0.03401
5.35 -10.8931 -0.267499 0.0535191 0.597477 0.187033 0.779012 -0.0343547
5.36 -10.8929 -0.267999 0.0536191 0.596081 0.187222 0.78002 -0.0347009
5.37 -10.8927 -0.268499 0.0537192 0.594683 0.187411 0.781026 -0.0350485
5.38 -10.8925 -0.268999 0.0538192 0.593283 0.187598 0.782029 -0.0353975
5.39 -10.8923 -0.269499 0.0539192 0.591881 0.187785 0.78303 -0.0357479
5.4 -10.8921 -0.269999 0.0540192 0.590477 0.187971 0.784028 -0.0360998
5.41 -10.8919 -0.270499 0.0541192 0.589072 0.188155 0.785024 -0.036453
5.42 -10.8917 -0.270999 0.0542193 0.587665 0.18834 0.786017 -0.0368078
5.43 -10.8915 -0.271499 0.0543193 0.586256 0.188523 0.787008 -0.0371639
5.44 -10.8913 -0.271999 0.0544193 0.584845 0.188705 0.787996 -0.0375215
5.45 -10.8911 -0.272499 0.0545193 0.583433 0.188887 0.788982 -0.0378805
5.46 -10.8909 -0.272999 0.0546193 0.582019 0.189068 0.789965 -0.0382409
5.47 -10.8907 -0.273499 0.0547194 0.580603 0.189248 0.790946 -0.0386028
5.48 -10.8905 -0.273999 0.0548194 0.579185 0.189427 0.791924 -0.0389661
5.49 -10.8903 -0.2745 0.0549194 0.577765 0.189606 0.7929 -0.0393309
5.5 -10.8901 -0.275 0.0550194 0.576344 0.189783 0.793873 -0.0396972
5.51 -10.8899 -0.2755 0.0551194 0.574921 0.18996 0.794843 -0.0400648
5.52 -10.8897 -0.276 0.0552195 0.573496 0.190136 0.795811 -0.040434
5.53 -10.8895 -0.2765 0.0553195 0.57207 0.190311 0.796776 -0.0408046
5.54 -10.8893 -0.277 0.0554195 0.570642 0.190485 0.797739 -0.0411766
5.55 -10.8891 -0.2775 0.0555195 0.569212 0.190658 0.798699 -0.0415501
5.56 -10.8889 -0.278 0.0556195 0.56778 0.19083 0.799657 -0.0419251
5.57 -10.8887 -0.2785 0.0557196 0.566347 0.191002 0.800612 -0.0423016
5.58 -10.8885 -0.279 0.0558196 0.564912 0.191173 0.801565 -0.0426795
5.59 -10.8883 -0.2795 0.0559196 0.563475 0.191343 0.802514 -0.0430589
5.6 -10.8881 -0.28 0.0560196 0.562037 0.191511 0.803462 -0.0434398
5.61 -10.8879 -0.2805 0.0561196 0.560597 0.19168 0.804406 -0.0438221
5.62 -10.8877 -0.281 0.0562197 0.559155 0.191847 0.805349 -0.044206
5.63 -10.8875 -0.2815 0.0563197 0.557712 0.192013 0.806288 -0.0445913
5.64 -10.8873 -0.282 0.0564197 0.556266 0.192179 0.807225 -0.0449781
5.65 -10.8871 -0.2825 0.0565197 0.55482 0.192343 0.808159 -0.0453664
5.66 -10.8869 -0.283 0.0566197 0.553371 0.192507 0.809091 -0.0457562
5.67 -10.8867 -0.2835 0.0567198 0.551921 0.19267 0.81002 -0.0461474
5.68 -10.8865 -0.284 0.0568198 0.550469 0.192832 0.810946 -0.0465402
5.69 -10.8863 -0.2845 0.0569198 0.549016 0.192993 0.81187 -0.0469345
5.7 -10.8861 -0.285 0.0570198 0.547561 0.193153 0.812791 -0.0473302
5.71 -10.8859 -0.2855 0.0571198 0.546104 0.193312 0.81371 -0.0477275
5.72 -10.8857 -0.286 0.0572199 0.544645 0.19347 0.814625 -0.0481263
5.73 -10.8855 -0.286501 0.0573199 0.543185 0.193628 0.815539 -0.0485266
5.74 -10.8853 -0.287001 0.0574199 0.541724 0.193784 0.816449 -0.0489284
5.75 -10.8851 -0.287501 0.0575199 0.54026 0.19394 0.817357 -0.0493317
5.76 -10.8849 -0.288001 0.0576199 0.538795 0.194094 0.818262 -0.0497365
5.77 -10.8847 -0.288501 0.05772 0.537329 0.194248 0.819165 -0.0501429
5.78 -10.8845 -0.289001 0.05782 0.535861 0.194401 0.820065 -0.0505508
5.79 -10.8843 -0.289501 0.05792 0.534391 0.194553 0.820962 -0.0509602
5.8 -10.8841 -0.290001 0.05802 0.53292 0.194704 0.821856 -0.0513711
5.81 -10.8839 -0.290501 0.05812 0.531447 0.194854 0.822748 -0.0517835
5.82 -10.8837 -0.291001 0.0582201 0.529972 0.195003 0.823637 -0.0521975
5.83 -10.8835 -0.291501 0.0583201 0.528496 0.195151 0.824524 -0.052613
5.84 -10.8833 -0.292001 0.0584201 0.527019 0.195298 0.825408 -0.0530301
5.85 -10.8831 -0.292501 0.0585201 0.525539 0.195445 0.826289 -0.0534487
5.86 -10.8829 -0.293001 0.0586201 0.524059 0.19559 0.827167 -0.0538689
5.87 -10.8827 -0.293501 0.0587202 0.522576 0.195734 0.828043 -0.0542905
5.88 -10.8825 -0.294001 0.0588202 0.521092 0.195878 0.828916 -0.0547138
5.89 -10.8823 -0.294501 0.0589202 0.519607 0.19602 0.829786 -0.0551385
5.9 -10.8821 -0.295001 0.0590202 0.51812 0.196162 0.830653 -0.0555649
5.91 -10.8819 -0.295501 0.0591202 0.516631 0.196302 0.831518 -0.0559928
5.92 -10.8817 -0.296001 0.0592203 0.515141 0.196442 0.83238 -0.0564222
5.93 -10.8815 -0.296501 0.0593203 0.513649 0.19658 0.83324 -0.0568532
5.94 -10.8813 -0.297001 0.0594203 0.512156 0.196718 0.834096 -0.0572858
5.95 -10.8811 -0.297501 0.0595203 0.510662 0.196854 0.83495 -0.0577199
5.96 -10.8809 -0.298001 0.0596203 0.509165 0.19699 0.835801 -0.0581556
5.97 -10.8807 -0.298502 0.0597204 0.507668 0.197125 0.836649 -0.0585929
5.98 -10.8805 -0.299002 0.0598204 0.506168 0.197258 0.837495 -0.0590317
5.99 -10.8803 -0.299502 0.0599204 0.504668 0.197391 0.838338 -0.0594721
6 -10.8801 -0.300002 0.0600204 0.503166 0.197523 0.839178 -0.0599141
6.01 -10.8799 -0.300502 0.0601204 0.501662 0.197653 0.840015 -0.0603577
6.02 -10.8797 -0.301002 0.0602205 0.500157 0.197783 0.84085 -0.0608028
6.03 -10.8795 -0.301502 0.0603205 0.49865 0.197912 0.841681 -0.0612496
6.04 -10.8793 -0.302002 0.0604205 0.497142 0.198039 0.84251 -0.0616979
6.05 -10.8791 -0.302502 0.0605205 0.495632 0.198166 0.843337 -0.0621478
6.06 -10.8789 -0.303002 0.0606205 0.494121 0.198291 0.84416 -0.0625993
6.07 -10.8787 -0.303502 0.0607206 0.492609 0.198416 0.84498 -0.0630524
6.08 -10.8785 -0.304002 0.0608206 0.491095 0.19854 0.845798 -0.063507
6.09 -10.8783 -0.304502 0.0609206 0.48958 0.198662 0.846613 -0.0639633
6.1 -10.8781 -0.305002 0.0610206 0.488063 0.198784 0.847425 -0.0644212
6.11 -10.8779 -0.305502 0.0611206 0.486544 0.198904 0.848235 -0.0648807
6.12 -10.8777 -0.306002 0.0612207 0.485025 0.199023 0.849041 -0.0653418
6.13 -10.8775 -0.306502 0.0613207 0.483504 0.199142 0.849845 -0.0658045
6.14 -10.8773 -0.307002 0.0614207 0.481981 0.199259 0.850646 -0.0662688
6.15 -10.8771 -0.307502 0.0615207 0.480457 0.199375 0.851444 -0.0667348
6.16 -10.8769 -0.308002 0.0616207 0.478932 0.199491 0.852239 -0.0672023
6.17 -10.8767 -0.308502 0.0617208 0.477405 0.199605 0.853032 -0.0676715
6.18 -10.8765 -0.309002 0.0618208 0.475877 0.199718 0.853821 -0.0681422
6.19 -10.8763 -0.309502 0.0619208 0.474347 0.19983 0.854608 -0.0686146
6.2 -10.8761 -0.310002 0.0620208 0.472816 0.199941 0.855392 -0.0690887
6.21 -10.8759 -0.310503 0.0621208 0.471284 0.20005 0.856173 -0.0695643
6.22 -10.8757 -0.311003 0.0622209 0.469751 0.200159 0.856951 -0.0700416
6.23 -10.8755 -0.311503 0.0623209 0.468216 0.200267 0.857726 -0.0705205
6.24 -10.8753 -0.312003 0.0624209 0.466679 0.200374 0.858499 -0.071001
6.25 -10.8751 -0.312503 0.0625209 0.465141 0.200479 0.859268 -0.0714832
6.26 -10.8749 -0.313003 0.0626209 0.463602 0.200583 0.860035 -0.071967
6.27 -10.8747 -0.313503 0.062721 0.462062 0.200687 0.860799 -0.0724525
6.28 -10.8745 -0.314003 0.062821 0.46052 0.200789 0.86156 -0.0729396
6.29 -10.8743 -0.314503 0.062921 0.458977 0.20089 0.862318 -0.0734283
6.3 -10.8741 -0.315003 0.063021 0.457433 0.20099 0.863073 -0.0739187
6.31 -10.8739 -0.315503 0.0631211 0.455887 0.201089 0.863825 -0.0744107
6.32 -10.8737 -0.316003 0.0632211 0.45434 0.201187 0.864574 -0.0749044
6.33 -10.8735 -0.316503 0.0633211 0.452791 0.201283 0.865321 -0.0753998
6.34 -10.8733 -0.317003 0.0634211 0.451242 0.201379 0.866064 -0.0758968
6.35 -10.8731 -0.317503 0.0635211 0.449691 0.201473 0.866805 -0.0763954
6.36 -10.8729 -0.318003 0.0636212 0.448139 0.201566 0.867542 -0.0768958
6.37 -10.8727 -0.318503 0.0637212 0.446585 0.201658 0.868277 -0.0773977
6.38 -10.8725 -0.319003 0.0638212 0.44503 0.201749 0.869009 -0.0779014
6.39 -10.8723 -0.319503 0.0639212 0.443474 0.201839 0.869738 -0.0784067
6.4 -10.8721 -0.320003 0.0640212 0.441917 0.201928 0.870464 -0.0789137
6.41 -10.8719 -0.320503 0.0641213 0.440358 0.202015 0.871187 -0.0794223
6.42 -10.8717 -0.321003 0.0642213 0.438798 0.202101 0.871907 -0.0799326
6.43 -10.8715 -0.321503 0.0643213 0.437237 0.202187 0.872624 -0.0804446
6.44 -10.8713 -0.322004 0.0644213 0.435675 0.202271 0.873338 -0.0809583
6.45 -10.8711 -0.322504 0.0645213 0.434111 0.202353 0.87405 -0.0814737
6.46 -10.8709 -0.323004 0.0646214 0.432546 0.202435 0.874758 -0.0819907
6.47 -10.8707 -0.323504 0.0647214 0.43098 0.202515 0.875463 -0.0825094
6.48 -10.8705 -0.324004 0.0648214 0.429413 0.202595 0.876165 -0.0830298
6.49 -10.8703 -0.324504 0.0649214 0.427845 0.202673 0.876865 -0.0835519
6.5 -10.8701 -0.325004 0.0650214 0.426275 0.202749 0.877561 -0.0840757
6.51 -10.8699 -0.325504 0.0651215 0.424704 0.202825 0.878255 -0.0846012
6.52 -10.8697 -0.326004 0.0652215 0.423132 0.2029 0.878945 -0.0851284
6.53 -10.8695 -0.326504 0.0653215 0.421559 0.202973 0.879632 -0.0856572
6.54 -10.8693 -0.327004 0.0654215 0.419984 0.203045 0.880317 -0.0861878
6.55 -10.8691 -0.327504 0.0655215 0.418409 0.203116 0.880998 -0.0867201
6.56 -10.8689 -0.328004 0.0656216 0.416832 0.203185 0.881677 -0.087254
6.57 -10.8687 -0.328504 0.0657216 0.415254 0.203253 0.882352 -0.0877897
6.58 -10.8685 -0.329004 0.0658216 0.413675 0.203321 0.883024 -0.088327
6.59 -10.8683 -0.329504 0.0659216 0.412095 0.203387 0.883694 -0.0888661
6.6 -10.8681 -0.330004 0.0660216 0.410513 0.203451 0.88436 -0.0894069
6.61 -10.8679 -0.330504 0.0661217 0.408931 0.203514 0.885024 -0.0899494
6.62 -10.8677 -0.331004 0.0662217 0.407347 0.203577 0.885684 -0.0904936
6.63 -10.8675 -0.331504 0.0663217 0.405762 0.203638 0.886341 -0.0910395
6.64 -10.8673 -0.332004 0.0664217 0.404176 0.203697 0.886995 -0.0915872
6.65 -10.8671 -0.332504 0.0665217 0.402589 0.203755 0.887647 -0.0921366
6.66 -10.8669 -0.333004 0.0666218 0.401001 0.203813 0.888295 -0.0926877
6.67 -10.8667 -0.333504 0.0667218 0.399412 0.203868 0.88894 -0.0932405
6.68 -10.8665 -0.334005 0.0668218 0.397822 0.203923 0.889582 -0.093795
6.69 -10.8663 -0.334505 0.0669218 0.39623 0.203976 0.890221 -0.0943512
6.7 -10.8661 -0.335005 0.0670218 0.394638 0.204028 0.890857 -0.0949093
6.71 -10.8659 -0.335505 0.0671219 0.393044 0.204079 0.89149 -0.095469
6.72 -10.8657 -0.336005 0.0672219 0.39145 0.204128 0.892119 -0.0960304
6.73 -10.8655 -0.336505 0.0673219 0.389854 0.204176 0.892746 -0.0965936
6.74 -10.8653 -0.337005 0.0674219 0.388257 0.204223 0.89337 -0.0971585
6.75 -10.8651 -0.337505 0.0675219 0.386659 0.204268 0.89399 -0.0977252
6.76 -10.8649 -0.338005 0.067622 0.385061 0.204312 0.894608 -0.0982936
6.77 -10.8647 -0.338505 0.067722 0.383461 0.204355 0.895222 -0.0988637
6.78 -10.8645 -0.339005 0.067822 0.38186 0.204397 0.895833 -0.0994356
6.79 -10.8643 -0.339505 0.067922 0.380258 0.204437 0.896442 -0.100009
6.8 -10.8641 -0.340005 0.068022 0.378655 0.204476 0.897047 -0.100585
6.81 -10.8639 -0.340505 0.0681221 0.377051 0.204513 0.897649 -0.101162
6.82 -10.8637 -0.341005 0.0682221 0.375446 0.204549 0.898247 -0.101741
6.83 -10.8635 -0.341505 0.0683221 0.37384 0.204584 0.898843 -0.102321
6.84 -10.8633 -0.342005 0.0684221 0.372233 0.204617 0.899436 -0.102904
6.85 -10.8631 -0.342505 0.0685221 0.370626 0.20465 0.900025 -0.103488
6.86 -10.8629 -0.343005 0.0686222 0.369017 0.20468 0.900612 -0.104074
6.87 -10.8627 -0.343505 0.0687222 0.367407 0.20471 0.901195 -0.104661
6.88 -10.8625 -0.344005 0.0688222 0.365796 0.204737 0.901775 -0.105251
6.89 -10.8623 -0.344505 0.0689222 0.364185 0.204764 0.902352 -0.105842
6.9 -10.8621 -0.345005 0.0690222 0.362572 0.204789 0.902926 -0.106435
6.91 -10.8619 -0.345505 0.0691223 0.360958 0.204813 0.903496 -0.107029
6.92 -10.8617 -0.346006 0.0692223 0.359344 0.204835 0.904064 -0.107626
6.93 -10.8615 -0.346506 0.0693223 0.357728 0.204856 0.904628 -0.108224
6.94 -10.8613 -0.347006 0.0694223 0.356112 0.204876 0.905189 -0.108824
6.95 -10.8611 -0.347506 0.0695223 0.354495 0.204894 0.905747 -0.109426
6.96 -10.8609 -0.348006 0.0696224 0.352876 0.204911 0.906302 -0.110029
6.97 -10.8607 -0.348506 0.0697224 0.351257 0.204926 0.906854 -0.110634
6.98 -10.8605 -0.349006 0.0698224 0.349637 0.20494 0.907402 -0.111241
6.99 -10.8603 -0.349506 0.0699224 0.348017 0.204952 0.907947 -0.11185
7 -10.8601 -0.350006 0.0700224 0.346395 0.204963 0.90849 -0.112461
7.01 -10.8599 -0.350506 0.0701225 0.344772 0.204973 0.909028 -0.113073
7.02 -10.8597 -0.351006 0.0702225 0.343149 0.204981 0.909564 -0.113687
7.03 -10.8595 -0.351506 0.0703225 0.341524 0.204988 0.910097 -0.114303
7.04 -10.8593 -0.352006 0.0704225 0.339899 0.204993 0.910626 -0.114921
7.05 -10.8591 -0.352506 0.0705225 0.338273 0.204997 0.911152 -0.115541
7.06 -10.8589 -0.353006 0.0706226 0.336646 0.204999 0.911675 -0.116162
7.07 -10.8587 -0.353506 0.0707226 0.335019 0.205 0.912194 -0.116785
7.08 -10.8585 -0.354006 0.0708226 0.33339 0.204999 0.912711 -0.11741
7.09 -10.8583 -0.354506 0.0709226 0.331761 0.204997 0.913224 -0.118036
7.1 -10.8581 -0.355006 0.0710226 0.330131 0.204993 0.913734 -0.118665
7.11 -10.8579 -0.355506 0.0711227 0.3285 0.204988 0.914241 -0.119295
7.12 -10.8577 -0.356006 0.0712227 0.326868 0.204982 0.914744 -0.119927
7.13 -10.8575 -0.356506 0.0713227 0.325236 0.204973 0.915245 -0.120561
7.14 -10.8573 -0.357006 0.0714227 0.323603 0.204964 0.915742 -0.121196
7.15 -10.8571 -0.357506 0.0715227 0.321969 0.204952 0.916235 -0.121834
7.16 -10.8569 -0.358007 0.0716228 0.320334 0.20494 0.916726 -0.122473
7.17 -10.8567 -0.358507 0.0717228 0.318698 0.204925 0.917213 -0.123114
7.18 -10.8565 -0.359007 0.0718228 0.317062 0.20491 0.917697 -0.123757
7.19 -10.8563 -0.359507 0.0719228 0.315425 0.204892 0.918178 -0.124401
7.2 -10.8561 -0.360007 0.0720228 0.313788 0.204874 0.918655 -0.125048
7.21 -10.8559 -0.360507 0.0721229 0.312149 0.204853 0.919129 -0.125696
7.22 -10.8557 -0.361007 0.0722229 0.31051 0.204831 0.9196 -0.126346
7.23 -10.8555 -0.361507 0.0723229 0.30887 0.204808 0.920068 -0.126998
7.24 -10.8553 -0.362007 0.0724229 0.30723 0.204782 0.920532 -0.127651
7.25 -10.8551 -0.362507 0.0725229 0.305588 0.204756 0.920993 -0.128307
7.26 -10.8549 -0.363007 0.072623 0.303946 0.204727 0.921451 -0.128964
7.27 -10.8547 -0.363507 0.072723 0.302304 0.204698 0.921905 -0.129623
7.28 -10.8545 -0.364007 0.072823 0.30066 0.204666 0.922356 -0.130284
7.29 -10.8543 -0.364507 0.072923 0.299017 0.204633 0.922804 -0.130946
7.3 -10.8541 -0.365007 0.073023 0.297372 0.204599 0.923249 -0.131611
7.31 -10.8539 -0.365507 0.0731231 0.295727 0.204562 0.92369 -0.132277
7.32 -10.8537 -0.366007 0.0732231 0.294081 0.204524 0.924128 -0.132945
7.33 -10.8535 -0.366507 0.0733231 0.292434 0.204485 0.924562 -0.133615
7.34 -10.8533 -0.367007 0.0734231 0.290787 0.204444 0.924993 -0.134286
7.35 -10.8531 -0.367507 0.0735231 0.289139 0.204401 0.925421 -0.13496
7.36 -10.8529 -0.368007 0.0736232 0.287491 0.204357 0.925846 -0.135635
7.37 -10.8527 -0.368507 0.0737232 0.285842 0.204311 0.926267 -0.136312
7.38 -10.8525 -0.369007 0.0738232 0.284193 0.204263 0.926685 -0.136991
7.39 -10.8523 -0.369507 0.0739232 0.282542 0.204214 0.927099 -0.137672
7.4 -10.8521 -0.370008 0.0740232 0.280892 0.204163 0.92751 -0.138354
7.41 -10.8519 -0.370508 0.0741233 0.27924 0.20411 0.927918 -0.139038
7.42 -10.8517 -0.371008 0.0742233 0.277589 0.204056 0.928323 -0.139725
7.43 -10.8515 -0.371508 0.0743233 0.275936 0.204 0.928724 -0.140413
7.44 -10.8513 -0.372008 0.0744233 0.274283 0.203942 0.929121 -0.141102
7.45 -10.8511 -0.372508 0.0745233 0.27263 0.203883 0.929516 -0.141794
7.46 -10.8509 -0.373008 0.0746234 0.270976 0.203822 0.929907 -0.142487
7.47 -10.8507 -0.373508 0.0747234 0.269321 0.203759 0.930294 -0.143182
7.48 -10.8505 -0.374008 0.0748234 0.267666 0.203694 0.930678 -0.143879
7.49 -10.8503 -0.374508 0.0749234 0.266011 0.203628 0.931059 -0.144578
7.5 -10.8501 -0.375008 0.0750234 0.264355 0.20356 0.931436 -0.145279
7.51 -10.8499 -0.375508 0.0751235 0.262698 0.203491 0.93181 -0.145982
7.52 -10.8497 -0.376008 0.0752235 0.261041 0.203419 0.932181 -0.146686
7.53 -10.8495 -0.376508 0.0753235 0.259384 0.203346 0.932548 -0.147392
7.54 -10.8493 -0.377008 0.0754235 0.257726 0.203271 0.932912 -0.1481
7.55 -10.8491 -0.377508 0.0755235 0.256068 0.203195 0.933272 -0.14881
7.56 -10.8489 -0.378008 0.0756236 0.254409 0.203116 0.933629 -0.149521
7.57 -10.8487 -0.378508 0.0757236 0.25275 0.203036 0.933983 -0.150235
7.58 -10.8485 -0.379008 0.0758236 0.25109 0.202954 0.934333 -0.15095
7.59 -10.8483 -0.379508 0.0759236 0.24943 0.202871 0.934679 -0.151667
7.6 -10.8481 -0.380008 0.0760236 0.247769 0.202785 0.935023 -0.152386
7.61 -10.8479 -0.380508 0.0761237 0.246108 0.202698 0.935362 -0.153106
7.62 -10.8477 -0.381008 0.0762237 0.244447 0.202609 0.935699 -0.153829
7.63 -10.8475 -0.381509 0.0763237 0.242785 0.202518 0.936032 -0.154553
7.64 -10.8473 -0.382009 0.0764237 0.241123 0.202425 0.936361 -0.155279
7.65 -10.8471 -0.382509 0.0765238 0.239461 0.202331 0.936687 -0.156007
7.66 -10.8469 -0.383009 0.0766238 0.237798 0.202235 0.937009 -0.156737
7.67 -10.8467 -0.383509 0.0767238 0.236135 0.202137 0.937329 -0.157468
7.68 -10.8465 -0.384009 0.0768238 0.234471 0.202037 0.937644 -0.158202
7.69 -10.8463 -0.384509 0.0769238 0.232808 0.201935 0.937956 -0.158937
7.7 -10.8461 -0.385009 0.0770239 0.231143 0.201831 0.938265 -0.159674
7.71 -10.8459 -0.385509 0.0771239 0.229479 0.201726 0.93857 -0.160413
7.72 -10.8457 -0.386009 0.0772239 0.227814 0.201619 0.938872 -0.161154
7.73 -10.8455 -0.386509 0.0773239 0.226149 0.20151 0.93917 -0.161896
7.74 -10.8453 -0.387009 0.0774239 0.224484 0.201398 0.939465 -0.16264
7.75 -10.8451 -0.387509 0.077524 0.222818 0.201286 0.939756 -0.163386
7.76 -10.8449 -0.388009 0.077624 0.221152 0.201171 0.940044 -0.164134
7.77 -10.8447 -0.388509 0.077724 0.219486 0.201054 0.940328 -0.164884
7.78 -10.8445 -0.389009 0.077824 0.217819 0.200936 0.940609 -0.165636
7.79 -10.8443 -0.389509 0.077924 0.216153 0.200815 0.940886 -0.166389
7.8 -10.8441 -0.390009 0.0780241 0.214486 0.200693 0.941159 -0.167144
7.81 -10.8439 -0.390509 0.0781241 0.212819 0.200569 0.94143 -0.167901
7.82 -10.8437 -0.391009 0.0782241 0.211151 0.200442 0.941696 -0.16866
7.83 -10.8435 -0.391509 0.0783241 0.209484 0.200314 0.941959 -0.16942
7.84 -10.8433 -0.392009 0.0784241 0.207816 0.200184 0.942219 -0.170183
7.85 -10.8431 -0.392509 0.0785242 0.206148 0.200052 0.942475 -0.170947
7.86 -10.8429 -0.393009 0.0786242 0.20448 0.199918 0.942728 -0.171713
7.87 -10.8427 -0.39351 0.0787242 0.202811 0.199782 0.942977 -0.172481
7.88 -10.8425 -0.39401 0.0788242 0.201143 0.199644 0.943222 -0.173251
7.89 -10.8423 -0.39451 0.0789242 0.199474 0.199505 0.943464 -0.174022
7.9 -10.8421 -0.39501 0.0790243 0.197805 0.199363 0.943702 -0.174795
7.91 -10.8419 -0.39551 0.0791243 0.196136 0.199219 0.943937 -0.17557
7.92 -10.8417 -0.39601 0.0792243 0.194467 0.199073 0.944168 -0.176347
7.93 -10.8415 -0.39651 0.0793243 0.192798 0.198926 0.944396 -0.177126
7.94 -10.8413 -0.39701 0.0794243 0.191128 0.198776 0.94462 -0.177906
7.95 -10.8411 -0.39751 0.0795244 0.189459 0.198624 0.944841 -0.178688
7.96 -10.8409 -0.39801 0.0796244 0.187789 0.19847 0.945058 -0.179473
7.97 -10.8407 -0.39851 0.0797244 0.18612 0.198315 0.945271 -0.180258
7.98 -10.8405 -0.39901 0.0798244 0.18445 0.198157 0.945481 -0.181046
7.99 -10.8403 -0.39951 0.0799244 0.18278 0.197997 0.945687 -0.181835
8 -10.8401 -0.40001 0.0800245 0.18111 0.197835 0.94589 -0.182627
8.01 -10.8399 -0.40051 0.0801245 0.179441 0.197671 0.946089 -0.18342
8.02 -10.8397 -0.40101 0.0802245 0.177771 0.197506 0.946284 -0.184214
8.03 -10.8395 -0.40151 0.0803245 0.176101 0.197338 0.946476 -0.185011
8.04 -10.8393 -0.40201 0.0804245 0.174431 0.197167 0.946665 -0.185809
8.05 -10.8391 -0.40251 0.0805246 0.172761 0.196995 0.946849 -0.18661
8.06 -10.8389 -0.40301 0.0806246 0.171091 0.196821 0.94703 -0.187412
8.07 -10.8387 -0.40351 0.0807246 0.169421 0.196645 0.947208 -0.188215
8.08 -10.8385 -0.40401 0.0808246 0.167751 0.196467 0.947381 -0.189021
8.09 -10.8383 -0.40451 0.0809246 0.166081 0.196286 0.947552 -0.189828
8.1 -10.8381 -0.40501 0.0810247 0.164411 0.196103 0.947718 -0.190637
8.11 -10.8379 -0.405511 0.0811247 0.162741 0.195919 0.947881 -0.191448
8.12 -10.8377 -0.406011 0.0812247 0.161072 0.195732 0.94804 -0.192261
8.13 -10.8375 -0.406511 0.0813247 0.159402 0.195543 0.948196 -0.193075
8.14 -10.8373 -0.407011 0.0814247 0.157732 0.195352 0.948348 -0.193891
8.15 -10.8371 -0.407511 0.0815248 0.156063 0.195159 0.948497 -0.194709
8.16 -10.8369 -0.408011 0.0816248 0.154393 0.194964 0.948641 -0.195529
8.17 -10.8367 -0.408511 0.0817248 0.152724 0.194766 0.948782 -0.19635
8.18 -10.8365 -0.409011 0.0818248 0.151055 0.194566 0.94892 -0.197174
8.19 -10.8363 -0.409511 0.0819248 0.149386 0.194365 0.949054 -0.197999
8.2 -10.8361 -0.410011 0.0820249 0.147717 0.194161 0.949184 -0.198825
8.21 -10.8359 -0.410511 0.0821249 0.146048 0.193955 0.94931 -0.199654
8.22 -10.8357 -0.411011 0.0822249 0.144379 0.193746 0.949433 -0.200484
8.23 -10.8355 -0.411511 0.0823249 0.142711 0.193536 0.949552 -0.201316
8.24 -10.8353 -0.412011 0.0824249 0.141042 0.193323 0.949668 -0.20215
8.25 -10.8351 -0.412511 0.082525 0.139374 0.193108 0.949779 -0.202986
8.26 -10.8349 -0.413011 0.082625 0.137706 0.192891 0.949887 -0.203823
8.27 -10.8347 -0.413511 0.082725 0.136039 0.192672 0.949992 -0.204662
8.28 -10.8345 -0.414011 0.082825 0.134371 0.19245 0.950093 -0.205503
8.29 -10.8343 -0.414511 0.082925 0.132704 0.192226 0.95019 -0.206345
8.3 -10.8341 -0.415011 0.0830251 0.131037 0.192 0.950283 -0.207189
8.31 -10.8339 -0.415511 0.0831251 0.12937 0.191772 0.950373 -0.208035
8.32 -10.8337 -0.416011 0.0832251 0.127704 0.191542 0.950459 -0.208883
8.33 -10.8335 -0.416511 0.0833251 0.126037 0.191309 0.950541 -0.209732
8.34 -10.8333 -0.417011 0.0834251 0.124372 0.191074 0.950619 -0.210584
8.35 -10.8331 -0.417512 0.0835252 0.122706 0.190836 0.950694 -0.211437
8.36 -10.8329 -0.418012 0.0836252 0.12104 0.190597 0.950765 -0.212291
8.37 -10.8327 -0.418512 0.0837252 0.119375 0.190355 0.950833 -0.213147
8.38 -10.8325 -0.419012 0.0838252 0.117711 0.190111 0.950896 -0.214005
8.39 -10.8323 -0.419512 0.0839252 0.116046 0.189864 0.950956 -0.214865
8.4 -10.8321 -0.420012 0.0840253 0.114382 0.189615 0.951012 -0.215727
8.41 -10.8319 -0.420512 0.0841253 0.112718 0.189364 0.951065 -0.21659
8.42 -10.8317 -0.421012 0.0842253 0.111055 0.189111 0.951114 -0.217455
8.43 -10.8315 -0.421512 0.0843253 0.109392 0.188855 0.951159 -0.218321
8.44 -10.8313 -0.422012 0.0844253 0.107729 0.188597 0.9512 -0.21919
8.45 -10.8311 -0.422512 0.0845254 0.106067 0.188337 0.951238 -0.22006
8.46 -10.8309 -0.423012 0.0846254 0.104405 0.188074 0.951271 -0.220931
8.47 -10.8307 -0.423512 0.0847254 0.102744 0.187809 0.951301 -0.221805
8.48 -10.8305 -0.424012 0.0848254 0.101083 0.187541 0.951328 -0.22268
8.49 -10.8303 -0.424512 0.0849254 0.0994225 0.187272 0.95135 -0.223556
8.5 -10.8301 -0.425012 0.0850255 0.0977624 0.186999 0.951369 -0.224435
8.51 -10.8299 -0.425512 0.0851255 0.0961028 0.186725 0.951384 -0.225315
8.52 -10.8297 -0.426012 0.0852255 0.0944436 0.186448 0.951395 -0.226197
8.53 -10.8295 -0.426512 0.0853255 0.0927849 0.186168 0.951403 -0.22708
8.54 -10.8293 -0.427012 0.0854255 0.0911267 0.185887 0.951406 -0.227965
8.55 -10.8291 -0.427512 0.0855256 0.0894691 0.185602 0.951406 -0.228852
8.56 -10.8289 -0.428012 0.0856256 0.0878119 0.185316 0.951402 -0.22974
8.57 -10.8287 -0.428512 0.0857256 0.0861552 0.185027 0.951395 -0.23063
8.58 -10.8285 -0.429012 0.0858256 0.0844991 0.184735 0.951383 -0.231522
8.59 -10.8283 -0.429513 0.0859256 0.0828435 0.184441 0.951368 -0.232415
8.6 -10.8281 -0.430013 0.0860257 0.0811885 0.184145 0.951349 -0.23331
8.61 -10.8279 -0.430513 0.0861257 0.079534 0.183846 0.951326 -0.234207
8.62 -10.8277 -0.431013 0.0862257 0.0778802 0.183545 0.9513 -0.235105
8.63 -10.8275 -0.431513 0.0863257 0.0762269 0.183241 0.951269 -0.236005
8.64 -10.8273 -0.432013 0.0864257 0.0745742 0.182935 0.951235 -0.236907
8.65 -10.8271 -0.432513 0.0865258 0.0729221 0.182626 0.951197 -0.23781
8.66 -10.8269 -0.433013 0.0866258 0.0712707 0.182315 0.951156 -0.238715
8.67 -10.8267 -0.433513 0.0867258 0.0696198 0.182002 0.95111 -0.239621
8.68 -10.8265 -0.434013 0.0868258 0.0679697 0.181686 0.951061 -0.240529
8.69 -10.8263 -0.434513 0.0869258 0.0663201 0.181367 0.951007 -0.241439
8.7 -10.8261 -0.435013 0.0870259 0.0646713 0.181046 0.95095 -0.24235
8.71 -10.8259 -0.435513 0.0871259 0.0630231 0.180722 0.95089 -0.243263
8.72 -10.8257 -0.436013 0.0872259 0.0613756 0.180396 0.950825 -0.244177
8.73 -10.8255 -0.436513 0.0873259 0.0597288 0.180067 0.950756 -0.245093
8.74 -10.8253 -0.437013 0.0874259 0.0580828 0.179736 0.950684 -0.246011
8.75 -10.8251 -0.437513 0.087526 0.0564374 0.179402 0.950608 -0.24693
8.76 -10.8249 -0.438013 0.087626 0.0547928 0.179066 0.950528 -0.247851
8.77 -10.8247 -0.438513 0.087726 0.0531489 0.178727 0.950444 -0.248773
8.78 -10.8245 -0.439013 0.087826 0.0515058 0.178385 0.950356 -0.249697
8.79 -10.8243 -0.439513 0.087926 0.0498635 0.178041 0.950265 -0.250622
8.8 -10.8241 -0.440013 0.0880261 0.0482219 0.177695 0.95017 -0.251549
8.81 -10.8239 -0.440513 0.0881261 0.0465812 0.177345 0.95007 -0.252478
8.82 -10.8237 -0.441013 0.0882261 0.0449412 0.176994 0.949967 -0.253408
8.83 -10.8235 -0.441514 0.0883261 0.0433021 0.176639 0.949861 -0.254339
8.84 -10.8233 -0.442014 0.0884261 0.0416638 0.176282 0.94975 -0.255273
8.85 -10.8231 -0.442514 0.0885262 0.0400263 0.175922 0.949635 -0.256207
8.86 -10.8229 -0.443014 0.0886262 0.0383897 0.17556 0.949517 -0.257143
8.87 -10.8227 -0.443514 0.0887262 0.0367539 0.175195 0.949394 -0.258081
8.88 -10.8225 -0.444014 0.0888262 0.035119 0.174828 0.949268 -0.259021
8.89 -10.8223 -0.444514 0.0889262 0.033485 0.174458 0.949138 -0.259961
8.9 -10.8221 -0.445014 0.0890263 0.0318519 0.174085 0.949004 -0.260904
8.91 -10.8219 -0.445514 0.0891263 0.0302197 0.173709 0.948867 -0.261847
8.92 -10.8217 -0.446014 0.0892263 0.0285885 0.173331 0.948725 -0.262793
8.93 -10.8215 -0.446514 0.0893263 0.0269581 0.17295 0.948579 -0.263739
8.94 -10.8213 -0.447014 0.0894264 0.0253287 0.172567 0.94843 -0.264688
8.95 -10.8211 -0.447514 0.0895264 0.0237003 0.172181 0.948277 -0.265637
8.96 -10.8209 -0.448014 0.0896264 0.0220728 0.171792 0.94812 -0.266589
8.97 -10.8207 -0.448514 0.0897264 0.0204463 0.1714 0.947959 -0.267541
8.98 -10.8205 -0.449014 0.0898264 0.0188209 0.171006 0.947794 -0.268495
8.99 -10.8203 -0.449514 0.0899265 0.0171964 0.170609 0.947625 -0.269451
9 -10.8201 -0.450014 0.0900265 0.0155729 0.170209 0.947452 -0.270408
9.01 -10.8199 -0.450514 0.0901265 0.0139505 0.169807 0.947276 -0.271367
9.02 -10.8197 -0.451014 0.0902265 0.0123291 0.169402 0.947095 -0.272326
9.03 -10.8195 -0.451514 0.0903265 0.0107087 0.168994 0.946911 -0.273288
9.04 -10.8193 -0.452014 0.0904266 0.00908945 0.168584 0.946723 -0.274251
9.05 -10.8191 -0.452514 0.0905266 0.00747127 0.16817 0.94653 -0.275215
9.06 -10.8189 -0.453015 0.0906266 0.00585415 0.167754 0.946334 -0.27618
9.07 -10.8187 -0.453515 0.0907266 0.00423814 0.167335 0.946134 -0.277147
9.08 -10.8185 -0.454015 0.0908266 0.00262326 0.166914 0.945931 -0.278116
9.09 -10.8183 -0.454515 0.0909267 0.00100949 0.166489 0.945723 -0.279086
9.1 -10.8181 -0.455015 0.0910267 -0.000603124 0.166062 0.945511 -0.280057
9.11 -10.8179 -0.455515 0.0911267 -0.0022146 0.165632 0.945296 -0.281029
9.12 -10.8177 -0.456015 0.0912267 -0.00382492 0.165199 0.945076 -0.282003
9.13 -10.8175 -0.456515 0.0913267 -0.00543404 0.164764 0.944853 -0.282979
9.14 -10.8173 -0.457015 0.0914268 -0.00704198 0.164325 0.944625 -0.283955
9.15 -10.8171 -0.457515 0.0915268 -0.00864873 0.163884 0.944394 -0.284933
9.16 -10.8169 -0.458015 0.0916268 -0.0102543 0.16344 0.944159 -0.285913
9.17 -10.8167 -0.458515 0.0917268 -0.0118586 0.162993 0.94392 -0.286894
9.18 -10.8165 -0.459015 0.0918268 -0.0134616 0.162544 0.943677 -0.287876
9.19 -10.8163 -0.459515 0.0919269 -0.0150634 0.162091 0.94343 -0.288859
9.2 -10.8161 -0.460015 0.0920269 -0.016664 0.161636 0.943179 -0.289844
9.21 -10.8159 -0.460515 0.0921269 -0.0182633 0.161178 0.942924 -0.29083
9.22 -10.8157 -0.461015 0.0922269 -0.0198612 0.160717 0.942666 -0.291817
9.23 -10.8155 -0.461515 0.0923269 -0.0214579 0.160253 0.942403 -0.292806
9.24 -10.8153 -0.462015 0.092427 -0.0230533 0.159786 0.942136 -0.293796
9.25 -10.8151 -0.462515 0.092527 -0.0246473 0.159316 0.941866 -0.294787
9.26 -10.8149 -0.463015 0.092627 -0.02624 0.158844 0.941592 -0.295779
9.27 -10.8147 -0.463515 0.092727 -0.0278314 0.158368 0.941313 -0.296773
9.28 -10.8145 -0.464015 0.092827 -0.0294214 0.15789 0.941031 -0.297768
9.29 -10.8143 -0.464515 0.0929271 -0.03101 0.157409 0.940745 -0.298764
9.3 -10.8141 -0.465016 0.0930271 -0.0325972 0.156925 0.940455 -0.299762
9.31 -10.8139 -0.465516 0.0931271 -0.034183 0.156438 0.940161 -0.300761
9.32 -10.8137 -0.466016 0.0932271 -0.0357674 0.155948 0.939863 -0.301761
9.33 -10.8135 -0.466516 0.0933271 -0.0373504 0.155455 0.939561 -0.302762
9.34 -10.8133 -0.467016 0.0934272 -0.0389319 0.154959 0.939255 -0.303764
9.35 -10.8131 -0.467516 0.0935272 -0.040512 0.15446 0.938945 -0.304768
9.36 -10.8129 -0.468016 0.0936272 -0.0420906 0.153958 0.938631 -0.305773
9.37 -10.8127 -0.468516 0.0937272 -0.0436677 0.153454 0.938313 -0.306779
9.38 -10.8125 -0.469016 0.0938272 -0.0452434 0.152946 0.937992 -0.307786
9.39 -10.8123 -0.469516 0.0939273 -0.0468175 0.152435 0.937666 -0.308794
9.4 -10.8121 -0.470016 0.0940273 -0.0483901 0.151922 0.937337 -0.309804
9.41 -10.8119 -0.470516 0.0941273 -0.0499612 0.151405 0.937003 -0.310814
9.42 -10.8117 -0.471016 0.0942273 -0.0515307 0.150886 0.936666 -0.311826
9.43 -10.8115 -0.471516 0.0943273 -0.0530987 0.150363 0.936324 -0.312839
9.44 -10.8113 -0.472016 0.0944274 -0.0546651 0.149838 0.935979 -0.313853
9.45 -10.8111 -0.472516 0.0945274 -0.0562299 0.149309 0.93563 -0.314869
9.46 -10.8109 -0.473016 0.0946274 -0.0577931 0.148778 0.935276 -0.315885
9.47 -10.8107 -0.473516 0.0947274 -0.0593547 0.148243 0.934919 -0.316903
9.48 -10.8105 -0.474016 0.0948274 -0.0609147 0.147706 0.934558 -0.317921
9.49 -10.8103 -0.474516 0.0949275 -0.0624731 0.147165 0.934193 -0.318941
9.5 -10.8101 -0.475016 0.0950275 -0.0640298 0.146622 0.933824 -0.319962
9.51 -10.8099 -0.475516 0.0951275 -0.0655848 0.146075 0.933451 -0.320983
9.52 -10.8097 -0.476016 0.0952275 -0.0671382 0.145526 0.933074 -0.322006
9.53 -10.8095 -0.476516 0.0953275 -0.0686898 0.144973 0.932693 -0.32303
9.54 -10.8093 -0.477017 0.0954276 -0.0702398 0.144417 0.932308 -0.324055
9.55 -10.8091 -0.477517 0.0955276 -0.0717881 0.143858 0.931919 -0.325081
9.56 -10.8089 -0.478017 0.0956276 -0.0733346 0.143297 0.931526 -0.326108
9.57 -10.8087 -0.478517 0.0957276 -0.0748794 0.142732 0.93113 -0.327136
9.58 -10.8085 -0.479017 0.0958276 -0.0764224 0.142164 0.930729 -0.328165
9.59 -10.8083 -0.479517 0.0959277 -0.0779636 0.141593 0.930324 -0.329195
9.6 -10.8081 -0.480017 0.0960277 -0.0795031 0.141018 0.929916 -0.330226
9.61 -10.8079 -0.480517 0.0961277 -0.0810408 0.140441 0.929503 -0.331259
9.62 -10.8077 -0.481017 0.0962277 -0.0825767 0.139861 0.929087 -0.332292
9.63 -10.8075 -0.481517 0.0963277 -0.0841107 0.139278 0.928666 -0.333326
9.64 -10.8073 -0.482017 0.0964278 -0.0856429 0.138691 0.928242 -0.33436
9.65 -10.8071 -0.482517 0.0965278 -0.0871733 0.138101 0.927814 -0.335396
9.66 -10.8069 -0.483017 0.0966278 -0.0887018 0.137509 0.927381 -0.336433
9.67 -10.8067 -0.483517 0.0967278 -0.0902284 0.136913 0.926945 -0.337471
9.68 -10.8065 -0.484017 0.0968278 -0.0917531 0.136314 0.926505 -0.338509
9.69 -10.8063 -0.484517 0.0969279 -0.093276 0.135712 0.926061 -0.339549
9.7 -10.8061 -0.485017 0.0970279 -0.0947969 0.135106 0.925613 -0.340589
9.71 -10.8059 -0.485517 0.0971279 -0.0963159 0.134498 0.925161 -0.341631
9.72 -10.8057 -0.486017 0.0972279 -0.0978329 0.133886 0.924705 -0.342673
9.73 -10.8055 -0.486517 0.0973279 -0.099348 0.133272 0.924245 -0.343716
9.74 -10.8053 -0.487017 0.097428 -0.100861 0.132654 0.923781 -0.34476
9.75 -10.8051 -0.487517 0.097528 -0.102372 0.132033 0.923313 -0.345804
9.76 -10.8049 -0.488017 0.097628 -0.103881 0.131409 0.922841 -0.34685
9.77 -10.8047 -0.488517 0.097728 -0.105388 0.130781 0.922365 -0.347896
9.78 -10.8045 -0.489018 0.097828 -0.106894 0.130151 0.921886 -0.348944
9.79 -10.8043 -0.489518 0.0979281 -0.108397 0.129517 0.921402 -0.349992
9.8 -10.8041 -0.490018 0.0980281 -0.109898 0.12888 0.920914 -0.35104
9.81 -10.8039 -0.490518 0.0981281 -0.111397 0.12824 0.920423 -0.35209
9.82 -10.8037 -0.491018 0.0982281 -0.112893 0.127597 0.919927 -0.35314
9.83 -10.8035 -0.491518 0.0983281 -0.114388 0.126951 0.919428 -0.354191
9.84 -10.8033 -0.492018 0.0984282 -0.115881 0.126301 0.918924 -0.355243
9.85 -10.8031 -0.492518 0.0985282 -0.117371 0.125648 0.918417 -0.356295
9.86 -10.8029 -0.493018 0.0986282 -0.11886 0.124992 0.917906 -0.357349
9.87 -10.8027 -0.493518 0.0987282 -0.120346 0.124333 0.917391 -0.358403
9.88 -10.8025 -0.494018 0.0988282 -0.12183 0.12367 0.916872 -0.359457
9.89 -10.8023 -0.494518 0.0989283 -0.123312 0.123004 0.916349 -0.360513
9.9 -10.8021 -0.495018 0.0990283 -0.124792 0.122335 0.915822 -0.361569
9.91 -10.8019 -0.495518 0.0991283 -0.126269 0.121663 0.915291 -0.362625
9.92 -10.8017 -0.496018 0.0992283 -0.127745 0.120988 0.914756 -0.363683
9.93 -10.8015 -0.496518 0.0993283 -0.129218 0.120309 0.914217 -0.364741
9.94 -10.8013 -0.497018 0.0994284 -0.130689 0.119627 0.913674 -0.365799
9.95 -10.8011 -0.497518 0.0995284 -0.132157 0.118942 0.913128 -0.366859
9.96 -10.8009 -0.498018 0.0996284 -0.133623 0.118253 0.912577 -0.367918
9.97 -10.8007 -0.498518 0.0997284 -0.135087 0.117562 0.912023 -0.368979
9.98 -10.8005 -0.499018 0.0998284 -0.136549 0.116867 0.911464 -0.37004
9.99 -10.8003 -0.499518 0.0999285 -0.138009 0.116169 0.910902 -0.371101
10 -10.8001 -0.500018 0.100028 -0.139466 0.115467 0.910336 -0.372164
